R0 1 2 0.9674999848882306
R1 2 3 30115.73128426873
L0 3 4 2.399999999999999E-7
C0 4 5 1.9349999697764613
C1 5 0 3.735752143748241E-11
L1 4 6 2.399999999999999E-7
C2 6 7 1.9349999697764613
C3 7 0 3.735752143748241E-11
L2 6 8 2.399999999999999E-7
C4 8 9 1.9349999697764613
C5 9 0 3.735752143748241E-11
L3 8 10 2.399999999999999E-7
C6 10 11 1.9349999697764613
C7 11 0 3.735752143748241E-11
L4 10 12 2.399999999999999E-7
C8 12 13 1.9349999697764613
C9 13 0 3.735752143748241E-11
L5 12 14 2.399999999999999E-7
C10 14 15 1.9349999697764613
C11 15 0 3.735752143748241E-11
L6 14 16 2.399999999999999E-7
C12 16 17 1.9349999697764613
C13 17 0 3.735752143748241E-11
L7 16 18 2.399999999999999E-7
C14 18 19 1.9349999697764613
C15 19 0 3.735752143748241E-11
L8 18 20 2.399999999999999E-7
C16 20 21 1.9349999697764613
C17 21 0 3.735752143748241E-11
L9 20 22 2.399999999999999E-7
C18 22 23 1.9349999697764613
C19 23 0 3.735752143748241E-11
L10 22 24 2.399999999999999E-7
C20 24 25 1.9349999697764613
C21 25 0 3.735752143748241E-11
L11 24 26 2.399999999999999E-7
C22 26 27 1.9349999697764613
C23 27 0 3.735752143748241E-11
L12 26 28 2.399999999999999E-7
C24 28 29 1.9349999697764613
C25 29 0 3.735752143748241E-11
L13 28 30 2.399999999999999E-7
C26 30 31 1.9349999697764613
C27 31 0 3.735752143748241E-11
L14 30 32 2.399999999999999E-7
C28 32 33 1.9349999697764613
C29 33 0 3.735752143748241E-11
L15 32 34 2.399999999999999E-7
C30 34 35 1.9349999697764613
C31 35 0 3.735752143748241E-11
L16 34 36 2.399999999999999E-7
C32 36 37 1.9349999697764613
C33 37 0 3.735752143748241E-11
L17 36 38 2.399999999999999E-7
C34 38 39 1.9349999697764613
C35 39 0 3.735752143748241E-11
L18 38 40 2.399999999999999E-7
C36 40 41 1.9349999697764613
C37 41 0 3.735752143748241E-11
L19 40 42 2.399999999999999E-7
C38 42 43 1.9349999697764613
C39 43 0 3.735752143748241E-11
L20 42 44 2.399999999999999E-7
C40 44 45 1.9349999697764613
C41 45 0 3.735752143748241E-11
L21 44 46 2.399999999999999E-7
C42 46 47 1.9349999697764613
C43 47 0 3.735752143748241E-11
L22 46 48 2.399999999999999E-7
C44 48 49 1.9349999697764613
C45 49 0 3.735752143748241E-11
L23 48 50 2.399999999999999E-7
C46 50 51 1.9349999697764613
C47 51 0 3.735752143748241E-11
L24 50 52 2.399999999999999E-7
C48 52 53 1.9349999697764613
C49 53 0 3.735752143748241E-11
L25 52 54 2.399999999999999E-7
C50 54 55 1.9349999697764613
C51 55 0 3.735752143748241E-11
L26 54 56 2.399999999999999E-7
C52 56 57 1.9349999697764613
C53 57 0 3.735752143748241E-11
L27 56 58 2.399999999999999E-7
C54 58 59 1.9349999697764613
C55 59 0 3.735752143748241E-11
L28 58 60 2.399999999999999E-7
C56 60 61 1.9349999697764613
C57 61 0 3.735752143748241E-11
L29 60 62 2.399999999999999E-7
C58 62 63 1.9349999697764613
C59 63 0 3.735752143748241E-11
L30 62 64 2.399999999999999E-7
C60 64 65 1.9349999697764613
C61 65 0 3.735752143748241E-11
L31 64 66 2.399999999999999E-7
C62 66 67 1.9349999697764613
C63 67 0 3.735752143748241E-11
L32 66 68 2.399999999999999E-7
C64 68 69 1.9349999697764613
C65 69 0 3.735752143748241E-11
L33 68 70 2.399999999999999E-7
C66 70 71 1.9349999697764613
C67 71 0 3.735752143748241E-11
L34 70 72 2.399999999999999E-7
C68 72 73 1.9349999697764613
C69 73 0 3.735752143748241E-11
L35 72 74 2.399999999999999E-7
C70 74 75 1.9349999697764613
C71 75 0 3.735752143748241E-11
L36 74 76 2.399999999999999E-7
C72 76 77 1.9349999697764613
C73 77 0 3.735752143748241E-11
L37 76 78 2.399999999999999E-7
C74 78 79 1.9349999697764613
C75 79 0 3.735752143748241E-11
L38 78 80 2.399999999999999E-7
C76 80 81 1.9349999697764613
C77 81 0 3.735752143748241E-11
L39 80 82 2.399999999999999E-7
C78 82 83 1.9349999697764613
C79 83 0 3.735752143748241E-11
L40 82 84 2.399999999999999E-7
C80 84 85 1.9349999697764613
C81 85 0 3.735752143748241E-11
L41 84 86 2.399999999999999E-7
C82 86 87 1.9349999697764613
C83 87 0 3.735752143748241E-11
L42 86 88 2.399999999999999E-7
C84 88 89 1.9349999697764613
C85 89 0 3.735752143748241E-11
L43 88 90 2.399999999999999E-7
C86 90 91 1.9349999697764613
C87 91 0 3.735752143748241E-11
L44 90 92 2.399999999999999E-7
C88 92 93 1.9349999697764613
C89 93 0 3.735752143748241E-11
L45 92 94 2.399999999999999E-7
C90 94 95 1.9349999697764613
C91 95 0 3.735752143748241E-11
L46 94 96 2.399999999999999E-7
C92 96 97 1.9349999697764613
C93 97 0 3.735752143748241E-11
L47 96 98 2.399999999999999E-7
C94 98 99 1.9349999697764613
C95 99 0 3.735752143748241E-11
L48 98 100 2.399999999999999E-7
C96 100 101 1.9349999697764613
C97 101 0 3.735752143748241E-11
L49 100 102 2.399999999999999E-7
C98 102 103 1.9349999697764613
C99 103 0 3.735752143748241E-11
L50 102 104 2.399999999999999E-7
C100 104 105 1.9349999697764613
C101 105 0 3.735752143748241E-11
L51 104 106 2.399999999999999E-7
C102 106 107 1.9349999697764613
C103 107 0 3.735752143748241E-11
L52 106 108 2.399999999999999E-7
C104 108 109 1.9349999697764613
C105 109 0 3.735752143748241E-11
L53 108 110 2.399999999999999E-7
C106 110 111 1.9349999697764613
C107 111 0 3.735752143748241E-11
L54 110 112 2.399999999999999E-7
C108 112 113 1.9349999697764613
C109 113 0 3.735752143748241E-11
L55 112 114 2.399999999999999E-7
C110 114 115 1.9349999697764613
C111 115 0 3.735752143748241E-11
L56 114 116 2.399999999999999E-7
C112 116 117 1.9349999697764613
C113 117 0 3.735752143748241E-11
L57 116 118 2.399999999999999E-7
C114 118 119 1.9349999697764613
C115 119 0 3.735752143748241E-11
L58 118 120 2.399999999999999E-7
C116 120 121 1.9349999697764613
C117 121 0 3.735752143748241E-11
L59 120 122 2.399999999999999E-7
C118 122 123 1.9349999697764613
C119 123 0 3.735752143748241E-11
L60 122 124 2.399999999999999E-7
C120 124 125 1.9349999697764613
C121 125 0 3.735752143748241E-11
L61 124 126 2.399999999999999E-7
C122 126 127 1.9349999697764613
C123 127 0 3.735752143748241E-11
L62 126 128 2.399999999999999E-7
C124 128 129 1.9349999697764613
C125 129 0 3.735752143748241E-11
L63 128 130 2.399999999999999E-7
C126 130 131 1.9349999697764613
C127 131 0 3.735752143748241E-11
L64 130 132 2.399999999999999E-7
C128 132 133 1.9349999697764613
C129 133 0 3.735752143748241E-11
L65 132 134 2.399999999999999E-7
C130 134 135 1.9349999697764613
C131 135 0 3.735752143748241E-11
L66 134 136 2.399999999999999E-7
C132 136 137 1.9349999697764613
C133 137 0 3.735752143748241E-11
L67 136 138 2.399999999999999E-7
C134 138 139 1.9349999697764613
C135 139 0 3.735752143748241E-11
L68 138 140 2.399999999999999E-7
C136 140 141 1.9349999697764613
C137 141 0 3.735752143748241E-11
L69 140 142 2.399999999999999E-7
C138 142 143 1.9349999697764613
C139 143 0 3.735752143748241E-11
L70 142 144 2.399999999999999E-7
C140 144 145 1.9349999697764613
C141 145 0 3.735752143748241E-11
L71 144 146 2.399999999999999E-7
C142 146 147 1.9349999697764613
C143 147 0 3.735752143748241E-11
L72 146 148 2.399999999999999E-7
C144 148 149 1.9349999697764613
C145 149 0 3.735752143748241E-11
L73 148 150 2.399999999999999E-7
C146 150 151 1.9349999697764613
C147 151 0 3.735752143748241E-11
L74 150 152 2.399999999999999E-7
C148 152 153 1.9349999697764613
C149 153 0 3.735752143748241E-11
L75 152 154 2.399999999999999E-7
C150 154 155 1.9349999697764613
C151 155 0 3.735752143748241E-11
L76 154 156 2.399999999999999E-7
C152 156 157 1.9349999697764613
C153 157 0 3.735752143748241E-11
L77 156 158 2.399999999999999E-7
C154 158 159 1.9349999697764613
C155 159 0 3.735752143748241E-11
L78 158 160 2.399999999999999E-7
C156 160 161 1.9349999697764613
C157 161 0 3.735752143748241E-11
L79 160 162 2.399999999999999E-7
C158 162 163 1.9349999697764613
C159 163 0 3.735752143748241E-11
L80 162 164 2.399999999999999E-7
C160 164 165 1.9349999697764613
C161 165 0 3.735752143748241E-11
L81 164 166 2.399999999999999E-7
C162 166 167 1.9349999697764613
C163 167 0 3.735752143748241E-11
L82 166 168 2.399999999999999E-7
C164 168 169 1.9349999697764613
C165 169 0 3.735752143748241E-11
L83 168 170 2.399999999999999E-7
C166 170 171 1.9349999697764613
C167 171 0 3.735752143748241E-11
L84 170 172 2.399999999999999E-7
C168 172 173 1.9349999697764613
C169 173 0 3.735752143748241E-11
L85 172 174 2.399999999999999E-7
C170 174 175 1.9349999697764613
C171 175 0 3.735752143748241E-11
L86 174 176 2.399999999999999E-7
C172 176 177 1.9349999697764613
C173 177 0 3.735752143748241E-11
L87 176 178 2.399999999999999E-7
C174 178 179 1.9349999697764613
C175 179 0 3.735752143748241E-11
L88 178 180 2.399999999999999E-7
C176 180 181 1.9349999697764613
C177 181 0 3.735752143748241E-11
L89 180 182 2.399999999999999E-7
C178 182 183 1.9349999697764613
C179 183 0 3.735752143748241E-11
L90 182 184 2.399999999999999E-7
C180 184 185 1.9349999697764613
C181 185 0 3.735752143748241E-11
L91 184 186 2.399999999999999E-7
C182 186 187 1.9349999697764613
C183 187 0 3.735752143748241E-11
L92 186 188 2.399999999999999E-7
C184 188 189 1.9349999697764613
C185 189 0 3.735752143748241E-11
L93 188 190 2.399999999999999E-7
C186 190 191 1.9349999697764613
C187 191 0 3.735752143748241E-11
L94 190 192 2.399999999999999E-7
C188 192 193 1.9349999697764613
C189 193 0 3.735752143748241E-11
L95 192 194 2.399999999999999E-7
C190 194 195 1.9349999697764613
C191 195 0 3.735752143748241E-11
L96 194 196 2.399999999999999E-7
C192 196 197 1.9349999697764613
C193 197 0 3.735752143748241E-11
L97 196 198 2.399999999999999E-7
C194 198 199 1.9349999697764613
C195 199 0 3.735752143748241E-11
L98 198 200 2.399999999999999E-7
C196 200 201 1.9349999697764613
C197 201 0 3.735752143748241E-11
L99 200 202 2.399999999999999E-7
C198 202 203 1.9349999697764613
C199 203 0 3.735752143748241E-11
L100 202 204 2.399999999999999E-7
C200 204 205 1.9349999697764613
C201 205 0 3.735752143748241E-11
L101 204 206 2.399999999999999E-7
C202 206 207 1.9349999697764613
C203 207 0 3.735752143748241E-11
L102 206 208 2.399999999999999E-7
C204 208 209 1.9349999697764613
C205 209 0 3.735752143748241E-11
L103 208 210 2.399999999999999E-7
C206 210 211 1.9349999697764613
C207 211 0 3.735752143748241E-11
L104 210 212 2.399999999999999E-7
C208 212 213 1.9349999697764613
C209 213 0 3.735752143748241E-11
L105 212 214 2.399999999999999E-7
C210 214 215 1.9349999697764613
C211 215 0 3.735752143748241E-11
L106 214 216 2.399999999999999E-7
C212 216 217 1.9349999697764613
C213 217 0 3.735752143748241E-11
L107 216 218 2.399999999999999E-7
C214 218 219 1.9349999697764613
C215 219 0 3.735752143748241E-11
L108 218 220 2.399999999999999E-7
C216 220 221 1.9349999697764613
C217 221 0 3.735752143748241E-11
L109 220 222 2.399999999999999E-7
C218 222 223 1.9349999697764613
C219 223 0 3.735752143748241E-11
L110 222 224 2.399999999999999E-7
C220 224 225 1.9349999697764613
C221 225 0 3.735752143748241E-11
L111 224 226 2.399999999999999E-7
C222 226 227 1.9349999697764613
C223 227 0 3.735752143748241E-11
L112 226 228 2.399999999999999E-7
C224 228 229 1.9349999697764613
C225 229 0 3.735752143748241E-11
L113 228 230 2.399999999999999E-7
C226 230 231 1.9349999697764613
C227 231 0 3.735752143748241E-11
L114 230 232 2.399999999999999E-7
C228 232 233 1.9349999697764613
C229 233 0 3.735752143748241E-11
L115 232 234 2.399999999999999E-7
C230 234 235 1.9349999697764613
C231 235 0 3.735752143748241E-11
L116 234 236 2.399999999999999E-7
C232 236 237 1.9349999697764613
C233 237 0 3.735752143748241E-11
L117 236 238 2.399999999999999E-7
C234 238 239 1.9349999697764613
C235 239 0 3.735752143748241E-11
L118 238 240 2.399999999999999E-7
C236 240 241 1.9349999697764613
C237 241 0 3.735752143748241E-11
L119 240 242 2.399999999999999E-7
C238 242 243 1.9349999697764613
C239 243 0 3.735752143748241E-11
L120 242 244 2.399999999999999E-7
C240 244 245 1.9349999697764613
C241 245 0 3.735752143748241E-11
L121 244 246 2.399999999999999E-7
C242 246 247 1.9349999697764613
C243 247 0 3.735752143748241E-11
L122 246 248 2.399999999999999E-7
C244 248 249 1.9349999697764613
C245 249 0 3.735752143748241E-11
L123 248 250 2.399999999999999E-7
C246 250 251 1.9349999697764613
C247 251 0 3.735752143748241E-11
L124 250 252 2.399999999999999E-7
C248 252 253 1.9349999697764613
C249 253 0 3.735752143748241E-11
L125 252 254 2.399999999999999E-7
C250 254 255 1.9349999697764613
C251 255 0 3.735752143748241E-11
L126 254 256 2.399999999999999E-7
C252 256 257 1.9349999697764613
C253 257 0 3.735752143748241E-11
L127 256 258 2.399999999999999E-7
C254 258 259 1.9349999697764613
C255 259 0 3.735752143748241E-11
L128 258 260 2.399999999999999E-7
C256 260 261 1.9349999697764613
C257 261 0 3.735752143748241E-11
L129 260 262 2.399999999999999E-7
C258 262 263 1.9349999697764613
C259 263 0 3.735752143748241E-11
L130 262 264 2.399999999999999E-7
C260 264 265 1.9349999697764613
C261 265 0 3.735752143748241E-11
L131 264 266 2.399999999999999E-7
C262 266 267 1.9349999697764613
C263 267 0 3.735752143748241E-11
L132 266 268 2.399999999999999E-7
C264 268 269 1.9349999697764613
C265 269 0 3.735752143748241E-11
L133 268 270 2.399999999999999E-7
C266 270 271 1.9349999697764613
C267 271 0 3.735752143748241E-11
L134 270 272 2.399999999999999E-7
C268 272 273 1.9349999697764613
C269 273 0 3.735752143748241E-11
L135 272 274 2.399999999999999E-7
C270 274 275 1.9349999697764613
C271 275 0 3.735752143748241E-11
L136 274 276 2.399999999999999E-7
C272 276 277 1.9349999697764613
C273 277 0 3.735752143748241E-11
L137 276 278 2.399999999999999E-7
C274 278 279 1.9349999697764613
C275 279 0 3.735752143748241E-11
L138 278 280 2.399999999999999E-7
C276 280 281 1.9349999697764613
C277 281 0 3.735752143748241E-11
L139 280 282 2.399999999999999E-7
C278 282 283 1.9349999697764613
C279 283 0 3.735752143748241E-11
L140 282 284 2.399999999999999E-7
C280 284 285 1.9349999697764613
C281 285 0 3.735752143748241E-11
L141 284 286 2.399999999999999E-7
C282 286 287 1.9349999697764613
C283 287 0 3.735752143748241E-11
L142 286 288 2.399999999999999E-7
C284 288 289 1.9349999697764613
C285 289 0 3.735752143748241E-11
L143 288 290 2.399999999999999E-7
C286 290 291 1.9349999697764613
C287 291 0 3.735752143748241E-11
L144 290 292 2.399999999999999E-7
C288 292 293 1.9349999697764613
C289 293 0 3.735752143748241E-11
L145 292 294 2.399999999999999E-7
C290 294 295 1.9349999697764613
C291 295 0 3.735752143748241E-11
L146 294 296 2.399999999999999E-7
C292 296 297 1.9349999697764613
C293 297 0 3.735752143748241E-11
L147 296 298 2.399999999999999E-7
C294 298 299 1.9349999697764613
C295 299 0 3.735752143748241E-11
L148 298 300 2.399999999999999E-7
C296 300 301 1.9349999697764613
C297 301 0 3.735752143748241E-11
L149 300 302 2.399999999999999E-7
C298 302 303 1.9349999697764613
C299 303 0 3.735752143748241E-11
L150 302 304 2.399999999999999E-7
C300 304 305 1.9349999697764613
C301 305 0 3.735752143748241E-11
L151 304 306 2.399999999999999E-7
C302 306 307 1.9349999697764613
C303 307 0 3.735752143748241E-11
L152 306 308 2.399999999999999E-7
C304 308 309 1.9349999697764613
C305 309 0 3.735752143748241E-11
L153 308 310 2.399999999999999E-7
C306 310 311 1.9349999697764613
C307 311 0 3.735752143748241E-11
L154 310 312 2.399999999999999E-7
C308 312 313 1.9349999697764613
C309 313 0 3.735752143748241E-11
L155 312 314 2.399999999999999E-7
C310 314 315 1.9349999697764613
C311 315 0 3.735752143748241E-11
L156 314 316 2.399999999999999E-7
C312 316 317 1.9349999697764613
C313 317 0 3.735752143748241E-11
L157 316 318 2.399999999999999E-7
C314 318 319 1.9349999697764613
C315 319 0 3.735752143748241E-11
L158 318 320 2.399999999999999E-7
C316 320 321 1.9349999697764613
C317 321 0 3.735752143748241E-11
L159 320 322 2.399999999999999E-7
C318 322 323 1.9349999697764613
C319 323 0 3.735752143748241E-11
L160 322 324 2.399999999999999E-7
C320 324 325 1.9349999697764613
C321 325 0 3.735752143748241E-11
L161 324 326 2.399999999999999E-7
C322 326 327 1.9349999697764613
C323 327 0 3.735752143748241E-11
L162 326 328 2.399999999999999E-7
C324 328 329 1.9349999697764613
C325 329 0 3.735752143748241E-11
L163 328 330 2.399999999999999E-7
C326 330 331 1.9349999697764613
C327 331 0 3.735752143748241E-11
L164 330 332 2.399999999999999E-7
C328 332 333 1.9349999697764613
C329 333 0 3.735752143748241E-11
L165 332 334 2.399999999999999E-7
C330 334 335 1.9349999697764613
C331 335 0 3.735752143748241E-11
L166 334 336 2.399999999999999E-7
C332 336 337 1.9349999697764613
C333 337 0 3.735752143748241E-11
L167 336 338 2.399999999999999E-7
C334 338 339 1.9349999697764613
C335 339 0 3.735752143748241E-11
L168 338 340 2.399999999999999E-7
C336 340 341 1.9349999697764613
C337 341 0 3.735752143748241E-11
L169 340 342 2.399999999999999E-7
C338 342 343 1.9349999697764613
C339 343 0 3.735752143748241E-11
L170 342 344 2.399999999999999E-7
C340 344 345 1.9349999697764613
C341 345 0 3.735752143748241E-11
L171 344 346 2.399999999999999E-7
C342 346 347 1.9349999697764613
C343 347 0 3.735752143748241E-11
L172 346 348 2.399999999999999E-7
C344 348 349 1.9349999697764613
C345 349 0 3.735752143748241E-11
L173 348 350 2.399999999999999E-7
C346 350 351 1.9349999697764613
C347 351 0 3.735752143748241E-11
L174 350 352 2.399999999999999E-7
C348 352 353 1.9349999697764613
C349 353 0 3.735752143748241E-11
L175 352 354 2.399999999999999E-7
C350 354 355 1.9349999697764613
C351 355 0 3.735752143748241E-11
L176 354 356 2.399999999999999E-7
C352 356 357 1.9349999697764613
C353 357 0 3.735752143748241E-11
L177 356 358 2.399999999999999E-7
C354 358 359 1.9349999697764613
C355 359 0 3.735752143748241E-11
L178 358 360 2.399999999999999E-7
C356 360 361 1.9349999697764613
C357 361 0 3.735752143748241E-11
L179 360 362 2.399999999999999E-7
C358 362 363 1.9349999697764613
C359 363 0 3.735752143748241E-11
L180 362 364 2.399999999999999E-7
C360 364 365 1.9349999697764613
C361 365 0 3.735752143748241E-11
L181 364 366 2.399999999999999E-7
C362 366 367 1.9349999697764613
C363 367 0 3.735752143748241E-11
L182 366 368 2.399999999999999E-7
C364 368 369 1.9349999697764613
C365 369 0 3.735752143748241E-11
L183 368 370 2.399999999999999E-7
C366 370 371 1.9349999697764613
C367 371 0 3.735752143748241E-11
L184 370 372 2.399999999999999E-7
C368 372 373 1.9349999697764613
C369 373 0 3.735752143748241E-11
L185 372 374 2.399999999999999E-7
C370 374 375 1.9349999697764613
C371 375 0 3.735752143748241E-11
L186 374 376 2.399999999999999E-7
C372 376 377 1.9349999697764613
C373 377 0 3.735752143748241E-11
L187 376 378 2.399999999999999E-7
C374 378 379 1.9349999697764613
C375 379 0 3.735752143748241E-11
L188 378 380 2.399999999999999E-7
C376 380 381 1.9349999697764613
C377 381 0 3.735752143748241E-11
L189 380 382 2.399999999999999E-7
C378 382 383 1.9349999697764613
C379 383 0 3.735752143748241E-11
L190 382 384 2.399999999999999E-7
C380 384 385 1.9349999697764613
C381 385 0 3.735752143748241E-11
L191 384 386 2.399999999999999E-7
C382 386 387 1.9349999697764613
C383 387 0 3.735752143748241E-11
L192 386 388 2.399999999999999E-7
C384 388 389 1.9349999697764613
C385 389 0 3.735752143748241E-11
L193 388 390 2.399999999999999E-7
C386 390 391 1.9349999697764613
C387 391 0 3.735752143748241E-11
L194 390 392 2.399999999999999E-7
C388 392 393 1.9349999697764613
C389 393 0 3.735752143748241E-11
L195 392 394 2.399999999999999E-7
C390 394 395 1.9349999697764613
C391 395 0 3.735752143748241E-11
L196 394 396 2.399999999999999E-7
C392 396 397 1.9349999697764613
C393 397 0 3.735752143748241E-11
L197 396 398 2.399999999999999E-7
C394 398 399 1.9349999697764613
C395 399 0 3.735752143748241E-11
L198 398 400 2.399999999999999E-7
C396 400 401 1.9349999697764613
C397 401 0 3.735752143748241E-11
L199 400 402 2.399999999999999E-7
C398 402 403 1.9349999697764613
C399 403 0 3.735752143748241E-11
R2 402 404 0.9674999848882306
R3 404 405 30115.73128426873
.end
