R0 2 3 1666.6666666666658
R1 3 6 132.97463424406868
R2 6 7 12.088603113097149
L0 7 8 1.6621829280508589E-10
C0 8 9 1.620341699964671E-15
C1 9 0 4.637916476114179E-17
R3 8 10 12.088603113097149
L1 10 11 1.6621829280508589E-10
C2 11 12 1.620341699964671E-15
C3 12 0 4.637916476114179E-17
R4 11 13 12.088603113097149
L2 13 14 1.6621829280508589E-10
C4 14 15 1.620341699964671E-15
C5 15 0 4.637916476114179E-17
R5 14 16 12.088603113097149
L3 16 17 1.6621829280508589E-10
C6 17 18 1.620341699964671E-15
C7 18 0 4.637916476114179E-17
R6 17 19 12.088603113097149
L4 19 20 1.6621829280508589E-10
C8 20 21 1.620341699964671E-15
C9 21 0 4.637916476114179E-17
R7 20 22 12.088603113097149
L5 22 23 1.6621829280508589E-10
C10 23 24 1.620341699964671E-15
C11 24 0 4.637916476114179E-17
R8 23 25 12.088603113097149
L6 25 26 1.6621829280508589E-10
C12 26 27 1.620341699964671E-15
C13 27 0 4.637916476114179E-17
R9 26 28 12.088603113097149
L7 28 29 1.6621829280508589E-10
C14 29 30 1.620341699964671E-15
C15 30 0 4.637916476114179E-17
R10 29 31 12.088603113097149
L8 31 32 1.6621829280508589E-10
C16 32 33 1.620341699964671E-15
C17 33 0 4.637916476114179E-17
R11 32 34 12.088603113097149
L9 34 35 1.6621829280508589E-10
C18 35 36 1.620341699964671E-15
C19 36 0 4.637916476114179E-17
R12 35 37 12.088603113097149
L10 37 38 1.6621829280508589E-10
C20 38 39 1.620341699964671E-15
C21 39 0 4.637916476114179E-17
R13 38 40 12.088603113097149
L11 40 41 1.6621829280508589E-10
C22 41 42 1.620341699964671E-15
C23 42 0 4.637916476114179E-17
R14 41 43 12.088603113097149
L12 43 44 1.6621829280508589E-10
C24 44 45 1.620341699964671E-15
C25 45 0 4.637916476114179E-17
R15 44 46 12.088603113097149
L13 46 47 1.6621829280508589E-10
C26 47 48 1.620341699964671E-15
C27 48 0 4.637916476114179E-17
R16 47 49 12.088603113097149
L14 49 50 1.6621829280508589E-10
C28 50 51 1.620341699964671E-15
C29 51 0 4.637916476114179E-17
R17 50 52 12.088603113097149
L15 52 53 1.6621829280508589E-10
C30 53 54 1.620341699964671E-15
C31 54 0 4.637916476114179E-17
R18 53 55 12.088603113097149
L16 55 56 1.6621829280508589E-10
C32 56 57 1.620341699964671E-15
C33 57 0 4.637916476114179E-17
R19 56 58 12.088603113097149
L17 58 59 1.6621829280508589E-10
C34 59 60 1.620341699964671E-15
C35 60 0 4.637916476114179E-17
R20 59 61 12.088603113097149
L18 61 62 1.6621829280508589E-10
C36 62 63 1.620341699964671E-15
C37 63 0 4.637916476114179E-17
R21 62 64 12.088603113097149
L19 64 65 1.6621829280508589E-10
C38 65 66 1.620341699964671E-15
C39 66 0 4.637916476114179E-17
R22 65 67 12.088603113097149
L20 67 68 1.6621829280508589E-10
C40 68 69 1.620341699964671E-15
C41 69 0 4.637916476114179E-17
R23 68 70 12.088603113097149
L21 70 71 1.6621829280508589E-10
C42 71 72 1.620341699964671E-15
C43 72 0 4.637916476114179E-17
R24 71 73 12.088603113097149
L22 73 74 1.6621829280508589E-10
C44 74 75 1.620341699964671E-15
C45 75 0 4.637916476114179E-17
R25 74 76 12.088603113097149
L23 76 77 1.6621829280508589E-10
C46 77 78 1.620341699964671E-15
C47 78 0 4.637916476114179E-17
R26 77 79 12.088603113097149
L24 79 80 1.6621829280508589E-10
C48 80 81 1.620341699964671E-15
C49 81 0 4.637916476114179E-17
R27 80 82 12.088603113097149
L25 82 83 1.6621829280508589E-10
C50 83 84 1.620341699964671E-15
C51 84 0 4.637916476114179E-17
R28 83 85 12.088603113097149
L26 85 86 1.6621829280508589E-10
C52 86 87 1.620341699964671E-15
C53 87 0 4.637916476114179E-17
R29 86 88 12.088603113097149
L27 88 89 1.6621829280508589E-10
C54 89 90 1.620341699964671E-15
C55 90 0 4.637916476114179E-17
R30 89 91 12.088603113097149
L28 91 92 1.6621829280508589E-10
C56 92 93 1.620341699964671E-15
C57 93 0 4.637916476114179E-17
R31 92 94 12.088603113097149
L29 94 95 1.6621829280508589E-10
C58 95 96 1.620341699964671E-15
C59 96 0 4.637916476114179E-17
R32 95 97 12.088603113097149
L30 97 98 1.6621829280508589E-10
C60 98 99 1.620341699964671E-15
C61 99 0 4.637916476114179E-17
R33 98 100 12.088603113097149
L31 100 101 1.6621829280508589E-10
C62 101 102 1.620341699964671E-15
C63 102 0 4.637916476114179E-17
R34 101 103 12.088603113097149
L32 103 104 1.6621829280508589E-10
C64 104 105 1.620341699964671E-15
C65 105 0 4.637916476114179E-17
R35 104 106 12.088603113097149
L33 106 107 1.6621829280508589E-10
C66 107 108 1.620341699964671E-15
C67 108 0 4.637916476114179E-17
R36 107 109 12.088603113097149
L34 109 110 1.6621829280508589E-10
C68 110 111 1.620341699964671E-15
C69 111 0 4.637916476114179E-17
R37 110 112 12.088603113097149
L35 112 113 1.6621829280508589E-10
C70 113 114 1.620341699964671E-15
C71 114 0 4.637916476114179E-17
R38 113 115 12.088603113097149
L36 115 116 1.6621829280508589E-10
C72 116 117 1.620341699964671E-15
C73 117 0 4.637916476114179E-17
R39 116 118 12.088603113097149
L37 118 119 1.6621829280508589E-10
C74 119 120 1.620341699964671E-15
C75 120 0 4.637916476114179E-17
R40 119 121 12.088603113097149
L38 121 122 1.6621829280508589E-10
C76 122 123 1.620341699964671E-15
C77 123 0 4.637916476114179E-17
R41 122 124 12.088603113097149
L39 124 125 1.6621829280508589E-10
C78 125 126 1.620341699964671E-15
C79 126 0 4.637916476114179E-17
R42 125 127 12.088603113097149
L40 127 128 1.6621829280508589E-10
C80 128 129 1.620341699964671E-15
C81 129 0 4.637916476114179E-17
R43 128 130 12.088603113097149
L41 130 131 1.6621829280508589E-10
C82 131 132 1.620341699964671E-15
C83 132 0 4.637916476114179E-17
R44 131 133 12.088603113097149
L42 133 134 1.6621829280508589E-10
C84 134 135 1.620341699964671E-15
C85 135 0 4.637916476114179E-17
R45 134 136 12.088603113097149
L43 136 137 1.6621829280508589E-10
C86 137 138 1.620341699964671E-15
C87 138 0 4.637916476114179E-17
R46 137 139 12.088603113097149
L44 139 140 1.6621829280508589E-10
C88 140 141 1.620341699964671E-15
C89 141 0 4.637916476114179E-17
R47 140 142 12.088603113097149
L45 142 143 1.6621829280508589E-10
C90 143 144 1.620341699964671E-15
C91 144 0 4.637916476114179E-17
R48 143 145 12.088603113097149
L46 145 146 1.6621829280508589E-10
C92 146 147 1.620341699964671E-15
C93 147 0 4.637916476114179E-17
R49 146 148 12.088603113097149
L47 148 149 1.6621829280508589E-10
C94 149 150 1.620341699964671E-15
C95 150 0 4.637916476114179E-17
R50 149 151 12.088603113097149
L48 151 152 1.6621829280508589E-10
C96 152 153 1.620341699964671E-15
C97 153 0 4.637916476114179E-17
R51 152 154 12.088603113097149
L49 154 155 1.6621829280508589E-10
C98 155 156 1.620341699964671E-15
C99 156 0 4.637916476114179E-17
R52 155 157 12.088603113097149
L50 157 158 1.6621829280508589E-10
C100 158 159 1.620341699964671E-15
C101 159 0 4.637916476114179E-17
R53 158 160 12.088603113097149
L51 160 161 1.6621829280508589E-10
C102 161 162 1.620341699964671E-15
C103 162 0 4.637916476114179E-17
R54 161 163 12.088603113097149
L52 163 164 1.6621829280508589E-10
C104 164 165 1.620341699964671E-15
C105 165 0 4.637916476114179E-17
R55 164 166 12.088603113097149
L53 166 167 1.6621829280508589E-10
C106 167 168 1.620341699964671E-15
C107 168 0 4.637916476114179E-17
R56 167 169 12.088603113097149
L54 169 170 1.6621829280508589E-10
C108 170 171 1.620341699964671E-15
C109 171 0 4.637916476114179E-17
R57 170 172 12.088603113097149
L55 172 173 1.6621829280508589E-10
C110 173 174 1.620341699964671E-15
C111 174 0 4.637916476114179E-17
R58 173 175 12.088603113097149
L56 175 176 1.6621829280508589E-10
C112 176 177 1.620341699964671E-15
C113 177 0 4.637916476114179E-17
R59 176 178 12.088603113097149
L57 178 179 1.6621829280508589E-10
C114 179 180 1.620341699964671E-15
C115 180 0 4.637916476114179E-17
R60 179 181 12.088603113097149
L58 181 182 1.6621829280508589E-10
C116 182 183 1.620341699964671E-15
C117 183 0 4.637916476114179E-17
R61 182 184 12.088603113097149
L59 184 185 1.6621829280508589E-10
C118 185 186 1.620341699964671E-15
C119 186 0 4.637916476114179E-17
R62 185 187 12.088603113097149
L60 187 188 1.6621829280508589E-10
C120 188 189 1.620341699964671E-15
C121 189 0 4.637916476114179E-17
R63 188 190 12.088603113097149
L61 190 191 1.6621829280508589E-10
C122 191 192 1.620341699964671E-15
C123 192 0 4.637916476114179E-17
R64 191 193 12.088603113097149
L62 193 194 1.6621829280508589E-10
C124 194 195 1.620341699964671E-15
C125 195 0 4.637916476114179E-17
R65 194 196 12.088603113097149
L63 196 197 1.6621829280508589E-10
C126 197 198 1.620341699964671E-15
C127 198 0 4.637916476114179E-17
R66 197 199 12.088603113097149
L64 199 200 1.6621829280508589E-10
C128 200 201 1.620341699964671E-15
C129 201 0 4.637916476114179E-17
R67 200 202 12.088603113097149
L65 202 203 1.6621829280508589E-10
C130 203 204 1.620341699964671E-15
C131 204 0 4.637916476114179E-17
R68 203 205 12.088603113097149
L66 205 206 1.6621829280508589E-10
C132 206 207 1.620341699964671E-15
C133 207 0 4.637916476114179E-17
R69 206 208 12.088603113097149
L67 208 209 1.6621829280508589E-10
C134 209 210 1.620341699964671E-15
C135 210 0 4.637916476114179E-17
R70 209 211 12.088603113097149
L68 211 212 1.6621829280508589E-10
C136 212 213 1.620341699964671E-15
C137 213 0 4.637916476114179E-17
R71 212 214 12.088603113097149
L69 214 215 1.6621829280508589E-10
C138 215 216 1.620341699964671E-15
C139 216 0 4.637916476114179E-17
R72 215 217 12.088603113097149
L70 217 218 1.6621829280508589E-10
C140 218 219 1.620341699964671E-15
C141 219 0 4.637916476114179E-17
R73 218 220 12.088603113097149
L71 220 221 1.6621829280508589E-10
C142 221 222 1.620341699964671E-15
C143 222 0 4.637916476114179E-17
R74 221 223 12.088603113097149
L72 223 224 1.6621829280508589E-10
C144 224 225 1.620341699964671E-15
C145 225 0 4.637916476114179E-17
R75 224 226 12.088603113097149
L73 226 227 1.6621829280508589E-10
C146 227 228 1.620341699964671E-15
C147 228 0 4.637916476114179E-17
R76 227 229 12.088603113097149
L74 229 230 1.6621829280508589E-10
C148 230 231 1.620341699964671E-15
C149 231 0 4.637916476114179E-17
R77 230 232 12.088603113097149
L75 232 233 1.6621829280508589E-10
C150 233 234 1.620341699964671E-15
C151 234 0 4.637916476114179E-17
R78 233 235 12.088603113097149
L76 235 236 1.6621829280508589E-10
C152 236 237 1.620341699964671E-15
C153 237 0 4.637916476114179E-17
R79 236 238 12.088603113097149
L77 238 239 1.6621829280508589E-10
C154 239 240 1.620341699964671E-15
C155 240 0 4.637916476114179E-17
R80 239 241 12.088603113097149
L78 241 242 1.6621829280508589E-10
C156 242 243 1.620341699964671E-15
C157 243 0 4.637916476114179E-17
R81 242 244 12.088603113097149
L79 244 245 1.6621829280508589E-10
C158 245 246 1.620341699964671E-15
C159 246 0 4.637916476114179E-17
R82 245 247 12.088603113097149
L80 247 248 1.6621829280508589E-10
C160 248 249 1.620341699964671E-15
C161 249 0 4.637916476114179E-17
R83 248 250 12.088603113097149
L81 250 251 1.6621829280508589E-10
C162 251 252 1.620341699964671E-15
C163 252 0 4.637916476114179E-17
R84 251 253 12.088603113097149
L82 253 254 1.6621829280508589E-10
C164 254 255 1.620341699964671E-15
C165 255 0 4.637916476114179E-17
R85 254 256 12.088603113097149
L83 256 257 1.6621829280508589E-10
C166 257 258 1.620341699964671E-15
C167 258 0 4.637916476114179E-17
R86 257 259 12.088603113097149
L84 259 260 1.6621829280508589E-10
C168 260 261 1.620341699964671E-15
C169 261 0 4.637916476114179E-17
R87 260 262 12.088603113097149
L85 262 263 1.6621829280508589E-10
C170 263 264 1.620341699964671E-15
C171 264 0 4.637916476114179E-17
R88 263 265 12.088603113097149
L86 265 266 1.6621829280508589E-10
C172 266 267 1.620341699964671E-15
C173 267 0 4.637916476114179E-17
R89 266 268 12.088603113097149
L87 268 269 1.6621829280508589E-10
C174 269 270 1.620341699964671E-15
C175 270 0 4.637916476114179E-17
R90 269 271 12.088603113097149
L88 271 272 1.6621829280508589E-10
C176 272 273 1.620341699964671E-15
C177 273 0 4.637916476114179E-17
R91 272 274 12.088603113097149
L89 274 275 1.6621829280508589E-10
C178 275 276 1.620341699964671E-15
C179 276 0 4.637916476114179E-17
R92 275 277 12.088603113097149
L90 277 278 1.6621829280508589E-10
C180 278 279 1.620341699964671E-15
C181 279 0 4.637916476114179E-17
R93 278 280 12.088603113097149
L91 280 281 1.6621829280508589E-10
C182 281 282 1.620341699964671E-15
C183 282 0 4.637916476114179E-17
R94 281 283 12.088603113097149
L92 283 284 1.6621829280508589E-10
C184 284 285 1.620341699964671E-15
C185 285 0 4.637916476114179E-17
R95 284 286 12.088603113097149
L93 286 287 1.6621829280508589E-10
C186 287 288 1.620341699964671E-15
C187 288 0 4.637916476114179E-17
R96 287 289 12.088603113097149
L94 289 290 1.6621829280508589E-10
C188 290 291 1.620341699964671E-15
C189 291 0 4.637916476114179E-17
R97 290 292 12.088603113097149
L95 292 293 1.6621829280508589E-10
C190 293 294 1.620341699964671E-15
C191 294 0 4.637916476114179E-17
R98 293 295 12.088603113097149
L96 295 296 1.6621829280508589E-10
C192 296 297 1.620341699964671E-15
C193 297 0 4.637916476114179E-17
R99 296 298 12.088603113097149
L97 298 299 1.6621829280508589E-10
C194 299 300 1.620341699964671E-15
C195 300 0 4.637916476114179E-17
R100 299 301 12.088603113097149
L98 301 302 1.6621829280508589E-10
C196 302 303 1.620341699964671E-15
C197 303 0 4.637916476114179E-17
R101 302 304 12.088603113097149
L99 304 305 1.6621829280508589E-10
C198 305 306 1.620341699964671E-15
C199 306 0 4.637916476114179E-17
R102 305 307 12.088603113097149
L100 307 308 1.6621829280508589E-10
C200 308 309 1.620341699964671E-15
C201 309 0 4.637916476114179E-17
R103 308 310 12.088603113097149
L101 310 311 1.6621829280508589E-10
C202 311 312 1.620341699964671E-15
C203 312 0 4.637916476114179E-17
R104 311 313 12.088603113097149
L102 313 314 1.6621829280508589E-10
C204 314 315 1.620341699964671E-15
C205 315 0 4.637916476114179E-17
R105 314 316 12.088603113097149
L103 316 317 1.6621829280508589E-10
C206 317 318 1.620341699964671E-15
C207 318 0 4.637916476114179E-17
R106 317 319 12.088603113097149
L104 319 320 1.6621829280508589E-10
C208 320 321 1.620341699964671E-15
C209 321 0 4.637916476114179E-17
R107 320 322 12.088603113097149
L105 322 323 1.6621829280508589E-10
C210 323 324 1.620341699964671E-15
C211 324 0 4.637916476114179E-17
R108 323 325 12.088603113097149
L106 325 326 1.6621829280508589E-10
C212 326 327 1.620341699964671E-15
C213 327 0 4.637916476114179E-17
R109 326 328 12.088603113097149
L107 328 329 1.6621829280508589E-10
C214 329 330 1.620341699964671E-15
C215 330 0 4.637916476114179E-17
R110 329 331 12.088603113097149
L108 331 332 1.6621829280508589E-10
C216 332 333 1.620341699964671E-15
C217 333 0 4.637916476114179E-17
R111 332 334 12.088603113097149
L109 334 335 1.6621829280508589E-10
C218 335 336 1.620341699964671E-15
C219 336 0 4.637916476114179E-17
R112 335 337 12.088603113097149
L110 337 338 1.6621829280508589E-10
C220 338 339 1.620341699964671E-15
C221 339 0 4.637916476114179E-17
R113 338 340 12.088603113097149
L111 340 341 1.6621829280508589E-10
C222 341 342 1.620341699964671E-15
C223 342 0 4.637916476114179E-17
R114 341 343 12.088603113097149
L112 343 344 1.6621829280508589E-10
C224 344 345 1.620341699964671E-15
C225 345 0 4.637916476114179E-17
R115 344 346 12.088603113097149
L113 346 347 1.6621829280508589E-10
C226 347 348 1.620341699964671E-15
C227 348 0 4.637916476114179E-17
R116 347 349 12.088603113097149
L114 349 350 1.6621829280508589E-10
C228 350 351 1.620341699964671E-15
C229 351 0 4.637916476114179E-17
R117 350 352 12.088603113097149
L115 352 353 1.6621829280508589E-10
C230 353 354 1.620341699964671E-15
C231 354 0 4.637916476114179E-17
R118 353 355 12.088603113097149
L116 355 356 1.6621829280508589E-10
C232 356 357 1.620341699964671E-15
C233 357 0 4.637916476114179E-17
R119 356 358 12.088603113097149
L117 358 359 1.6621829280508589E-10
C234 359 360 1.620341699964671E-15
C235 360 0 4.637916476114179E-17
R120 359 361 12.088603113097149
L118 361 362 1.6621829280508589E-10
C236 362 363 1.620341699964671E-15
C237 363 0 4.637916476114179E-17
R121 362 364 12.088603113097149
L119 364 365 1.6621829280508589E-10
C238 365 366 1.620341699964671E-15
C239 366 0 4.637916476114179E-17
R122 365 367 12.088603113097149
L120 367 368 1.6621829280508589E-10
C240 368 369 1.620341699964671E-15
C241 369 0 4.637916476114179E-17
R123 368 370 12.088603113097149
L121 370 371 1.6621829280508589E-10
C242 371 372 1.620341699964671E-15
C243 372 0 4.637916476114179E-17
R124 371 373 12.088603113097149
L122 373 374 1.6621829280508589E-10
C244 374 375 1.620341699964671E-15
C245 375 0 4.637916476114179E-17
R125 374 376 12.088603113097149
L123 376 377 1.6621829280508589E-10
C246 377 378 1.620341699964671E-15
C247 378 0 4.637916476114179E-17
R126 377 379 12.088603113097149
L124 379 380 1.6621829280508589E-10
C248 380 381 1.620341699964671E-15
C249 381 0 4.637916476114179E-17
R127 380 382 12.088603113097149
L125 382 383 1.6621829280508589E-10
C250 383 384 1.620341699964671E-15
C251 384 0 4.637916476114179E-17
R128 383 385 12.088603113097149
L126 385 386 1.6621829280508589E-10
C252 386 387 1.620341699964671E-15
C253 387 0 4.637916476114179E-17
R129 386 388 12.088603113097149
L127 388 389 1.6621829280508589E-10
C254 389 390 1.620341699964671E-15
C255 390 0 4.637916476114179E-17
R130 389 391 12.088603113097149
L128 391 392 1.6621829280508589E-10
C256 392 393 1.620341699964671E-15
C257 393 0 4.637916476114179E-17
R131 392 394 12.088603113097149
L129 394 395 1.6621829280508589E-10
C258 395 396 1.620341699964671E-15
C259 396 0 4.637916476114179E-17
R132 395 397 12.088603113097149
L130 397 398 1.6621829280508589E-10
C260 398 399 1.620341699964671E-15
C261 399 0 4.637916476114179E-17
R133 398 400 12.088603113097149
L131 400 401 1.6621829280508589E-10
C262 401 402 1.620341699964671E-15
C263 402 0 4.637916476114179E-17
R134 401 403 12.088603113097149
L132 403 404 1.6621829280508589E-10
C264 404 405 1.620341699964671E-15
C265 405 0 4.637916476114179E-17
R135 404 406 12.088603113097149
L133 406 407 1.6621829280508589E-10
C266 407 408 1.620341699964671E-15
C267 408 0 4.637916476114179E-17
R136 407 409 12.088603113097149
L134 409 410 1.6621829280508589E-10
C268 410 411 1.620341699964671E-15
C269 411 0 4.637916476114179E-17
R137 410 412 12.088603113097149
L135 412 413 1.6621829280508589E-10
C270 413 414 1.620341699964671E-15
C271 414 0 4.637916476114179E-17
R138 413 415 12.088603113097149
L136 415 416 1.6621829280508589E-10
C272 416 417 1.620341699964671E-15
C273 417 0 4.637916476114179E-17
R139 416 418 12.088603113097149
L137 418 419 1.6621829280508589E-10
C274 419 420 1.620341699964671E-15
C275 420 0 4.637916476114179E-17
R140 419 421 12.088603113097149
L138 421 422 1.6621829280508589E-10
C276 422 423 1.620341699964671E-15
C277 423 0 4.637916476114179E-17
R141 422 424 12.088603113097149
L139 424 425 1.6621829280508589E-10
C278 425 426 1.620341699964671E-15
C279 426 0 4.637916476114179E-17
R142 425 427 12.088603113097149
L140 427 428 1.6621829280508589E-10
C280 428 429 1.620341699964671E-15
C281 429 0 4.637916476114179E-17
R143 428 430 12.088603113097149
L141 430 431 1.6621829280508589E-10
C282 431 432 1.620341699964671E-15
C283 432 0 4.637916476114179E-17
R144 431 433 12.088603113097149
L142 433 434 1.6621829280508589E-10
C284 434 435 1.620341699964671E-15
C285 435 0 4.637916476114179E-17
R145 434 436 12.088603113097149
L143 436 437 1.6621829280508589E-10
C286 437 438 1.620341699964671E-15
C287 438 0 4.637916476114179E-17
R146 437 439 12.088603113097149
L144 439 440 1.6621829280508589E-10
C288 440 441 1.620341699964671E-15
C289 441 0 4.637916476114179E-17
R147 440 442 12.088603113097149
L145 442 443 1.6621829280508589E-10
C290 443 444 1.620341699964671E-15
C291 444 0 4.637916476114179E-17
R148 443 445 12.088603113097149
L146 445 446 1.6621829280508589E-10
C292 446 447 1.620341699964671E-15
C293 447 0 4.637916476114179E-17
R149 446 448 12.088603113097149
L147 448 449 1.6621829280508589E-10
C294 449 450 1.620341699964671E-15
C295 450 0 4.637916476114179E-17
R150 449 451 12.088603113097149
L148 451 452 1.6621829280508589E-10
C296 452 453 1.620341699964671E-15
C297 453 0 4.637916476114179E-17
R151 452 454 12.088603113097149
L149 454 455 1.6621829280508589E-10
C298 455 456 1.620341699964671E-15
C299 456 0 4.637916476114179E-17
R152 455 457 12.088603113097149
L150 457 458 1.6621829280508589E-10
C300 458 459 1.620341699964671E-15
C301 459 0 4.637916476114179E-17
R153 458 460 12.088603113097149
L151 460 461 1.6621829280508589E-10
C302 461 462 1.620341699964671E-15
C303 462 0 4.637916476114179E-17
R154 461 463 12.088603113097149
L152 463 464 1.6621829280508589E-10
C304 464 465 1.620341699964671E-15
C305 465 0 4.637916476114179E-17
R155 464 466 12.088603113097149
L153 466 467 1.6621829280508589E-10
C306 467 468 1.620341699964671E-15
C307 468 0 4.637916476114179E-17
R156 467 469 12.088603113097149
L154 469 470 1.6621829280508589E-10
C308 470 471 1.620341699964671E-15
C309 471 0 4.637916476114179E-17
R157 470 472 12.088603113097149
L155 472 473 1.6621829280508589E-10
C310 473 474 1.620341699964671E-15
C311 474 0 4.637916476114179E-17
R158 473 475 12.088603113097149
L156 475 476 1.6621829280508589E-10
C312 476 477 1.620341699964671E-15
C313 477 0 4.637916476114179E-17
R159 476 478 12.088603113097149
L157 478 479 1.6621829280508589E-10
C314 479 480 1.620341699964671E-15
C315 480 0 4.637916476114179E-17
R160 479 481 12.088603113097149
L158 481 482 1.6621829280508589E-10
C316 482 483 1.620341699964671E-15
C317 483 0 4.637916476114179E-17
R161 482 484 12.088603113097149
L159 484 485 1.6621829280508589E-10
C318 485 486 1.620341699964671E-15
C319 486 0 4.637916476114179E-17
R162 485 487 12.088603113097149
L160 487 488 1.6621829280508589E-10
C320 488 489 1.620341699964671E-15
C321 489 0 4.637916476114179E-17
R163 488 490 12.088603113097149
L161 490 491 1.6621829280508589E-10
C322 491 492 1.620341699964671E-15
C323 492 0 4.637916476114179E-17
R164 491 493 12.088603113097149
L162 493 494 1.6621829280508589E-10
C324 494 495 1.620341699964671E-15
C325 495 0 4.637916476114179E-17
R165 494 496 12.088603113097149
L163 496 497 1.6621829280508589E-10
C326 497 498 1.620341699964671E-15
C327 498 0 4.637916476114179E-17
R166 497 499 12.088603113097149
L164 499 500 1.6621829280508589E-10
C328 500 501 1.620341699964671E-15
C329 501 0 4.637916476114179E-17
R167 500 502 12.088603113097149
L165 502 503 1.6621829280508589E-10
C330 503 504 1.620341699964671E-15
C331 504 0 4.637916476114179E-17
R168 503 505 12.088603113097149
L166 505 506 1.6621829280508589E-10
C332 506 507 1.620341699964671E-15
C333 507 0 4.637916476114179E-17
R169 506 508 12.088603113097149
L167 508 509 1.6621829280508589E-10
C334 509 510 1.620341699964671E-15
C335 510 0 4.637916476114179E-17
R170 509 511 12.088603113097149
L168 511 512 1.6621829280508589E-10
C336 512 513 1.620341699964671E-15
C337 513 0 4.637916476114179E-17
R171 512 514 12.088603113097149
L169 514 515 1.6621829280508589E-10
C338 515 516 1.620341699964671E-15
C339 516 0 4.637916476114179E-17
R172 515 517 12.088603113097149
L170 517 518 1.6621829280508589E-10
C340 518 519 1.620341699964671E-15
C341 519 0 4.637916476114179E-17
R173 518 520 12.088603113097149
L171 520 521 1.6621829280508589E-10
C342 521 522 1.620341699964671E-15
C343 522 0 4.637916476114179E-17
R174 521 523 12.088603113097149
L172 523 524 1.6621829280508589E-10
C344 524 525 1.620341699964671E-15
C345 525 0 4.637916476114179E-17
R175 524 526 12.088603113097149
L173 526 527 1.6621829280508589E-10
C346 527 528 1.620341699964671E-15
C347 528 0 4.637916476114179E-17
R176 527 529 12.088603113097149
L174 529 530 1.6621829280508589E-10
C348 530 531 1.620341699964671E-15
C349 531 0 4.637916476114179E-17
R177 530 532 12.088603113097149
L175 532 533 1.6621829280508589E-10
C350 533 534 1.620341699964671E-15
C351 534 0 4.637916476114179E-17
R178 533 535 12.088603113097149
L176 535 536 1.6621829280508589E-10
C352 536 537 1.620341699964671E-15
C353 537 0 4.637916476114179E-17
R179 536 538 12.088603113097149
L177 538 539 1.6621829280508589E-10
C354 539 540 1.620341699964671E-15
C355 540 0 4.637916476114179E-17
R180 539 541 12.088603113097149
L178 541 542 1.6621829280508589E-10
C356 542 543 1.620341699964671E-15
C357 543 0 4.637916476114179E-17
R181 542 544 12.088603113097149
L179 544 545 1.6621829280508589E-10
C358 545 546 1.620341699964671E-15
C359 546 0 4.637916476114179E-17
R182 545 547 12.088603113097149
L180 547 548 1.6621829280508589E-10
C360 548 549 1.620341699964671E-15
C361 549 0 4.637916476114179E-17
R183 548 550 12.088603113097149
L181 550 551 1.6621829280508589E-10
C362 551 552 1.620341699964671E-15
C363 552 0 4.637916476114179E-17
R184 551 553 12.088603113097149
L182 553 554 1.6621829280508589E-10
C364 554 555 1.620341699964671E-15
C365 555 0 4.637916476114179E-17
R185 554 556 12.088603113097149
L183 556 557 1.6621829280508589E-10
C366 557 558 1.620341699964671E-15
C367 558 0 4.637916476114179E-17
R186 557 559 12.088603113097149
L184 559 560 1.6621829280508589E-10
C368 560 561 1.620341699964671E-15
C369 561 0 4.637916476114179E-17
R187 560 562 12.088603113097149
L185 562 563 1.6621829280508589E-10
C370 563 564 1.620341699964671E-15
C371 564 0 4.637916476114179E-17
R188 563 565 12.088603113097149
L186 565 566 1.6621829280508589E-10
C372 566 567 1.620341699964671E-15
C373 567 0 4.637916476114179E-17
R189 566 568 12.088603113097149
L187 568 569 1.6621829280508589E-10
C374 569 570 1.620341699964671E-15
C375 570 0 4.637916476114179E-17
R190 569 571 12.088603113097149
L188 571 572 1.6621829280508589E-10
C376 572 573 1.620341699964671E-15
C377 573 0 4.637916476114179E-17
R191 572 574 12.088603113097149
L189 574 575 1.6621829280508589E-10
C378 575 576 1.620341699964671E-15
C379 576 0 4.637916476114179E-17
R192 575 577 12.088603113097149
L190 577 578 1.6621829280508589E-10
C380 578 579 1.620341699964671E-15
C381 579 0 4.637916476114179E-17
R193 578 580 12.088603113097149
L191 580 581 1.6621829280508589E-10
C382 581 582 1.620341699964671E-15
C383 582 0 4.637916476114179E-17
R194 581 583 12.088603113097149
L192 583 584 1.6621829280508589E-10
C384 584 585 1.620341699964671E-15
C385 585 0 4.637916476114179E-17
R195 584 586 12.088603113097149
L193 586 587 1.6621829280508589E-10
C386 587 588 1.620341699964671E-15
C387 588 0 4.637916476114179E-17
R196 587 589 12.088603113097149
L194 589 590 1.6621829280508589E-10
C388 590 591 1.620341699964671E-15
C389 591 0 4.637916476114179E-17
R197 590 592 12.088603113097149
L195 592 593 1.6621829280508589E-10
C390 593 594 1.620341699964671E-15
C391 594 0 4.637916476114179E-17
R198 593 595 12.088603113097149
L196 595 596 1.6621829280508589E-10
C392 596 597 1.620341699964671E-15
C393 597 0 4.637916476114179E-17
R199 596 598 12.088603113097149
L197 598 599 1.6621829280508589E-10
C394 599 600 1.620341699964671E-15
C395 600 0 4.637916476114179E-17
R200 599 601 12.088603113097149
L198 601 602 1.6621829280508589E-10
C396 602 603 1.620341699964671E-15
C397 603 0 4.637916476114179E-17
R201 602 604 12.088603113097149
L199 604 605 1.6621829280508589E-10
C398 605 606 1.620341699964671E-15
C399 606 0 4.637916476114179E-17
R202 605 4 132.97463424406868
R203 4 5 1666.6666666666658
R204 607 608 1666.6666666666658
R205 608 611 132.97463424406868
R206 611 612 12.088603113097149
L200 612 613 1.6621829280508589E-10
C400 613 614 1.620341699964671E-15
C401 614 0 4.637916476114179E-17
R207 613 615 12.088603113097149
L201 615 616 1.6621829280508589E-10
C402 616 617 1.620341699964671E-15
C403 617 0 4.637916476114179E-17
R208 616 618 12.088603113097149
L202 618 619 1.6621829280508589E-10
C404 619 620 1.620341699964671E-15
C405 620 0 4.637916476114179E-17
R209 619 621 12.088603113097149
L203 621 622 1.6621829280508589E-10
C406 622 623 1.620341699964671E-15
C407 623 0 4.637916476114179E-17
R210 622 624 12.088603113097149
L204 624 625 1.6621829280508589E-10
C408 625 626 1.620341699964671E-15
C409 626 0 4.637916476114179E-17
R211 625 627 12.088603113097149
L205 627 628 1.6621829280508589E-10
C410 628 629 1.620341699964671E-15
C411 629 0 4.637916476114179E-17
R212 628 630 12.088603113097149
L206 630 631 1.6621829280508589E-10
C412 631 632 1.620341699964671E-15
C413 632 0 4.637916476114179E-17
R213 631 633 12.088603113097149
L207 633 634 1.6621829280508589E-10
C414 634 635 1.620341699964671E-15
C415 635 0 4.637916476114179E-17
R214 634 636 12.088603113097149
L208 636 637 1.6621829280508589E-10
C416 637 638 1.620341699964671E-15
C417 638 0 4.637916476114179E-17
R215 637 639 12.088603113097149
L209 639 640 1.6621829280508589E-10
C418 640 641 1.620341699964671E-15
C419 641 0 4.637916476114179E-17
R216 640 642 12.088603113097149
L210 642 643 1.6621829280508589E-10
C420 643 644 1.620341699964671E-15
C421 644 0 4.637916476114179E-17
R217 643 645 12.088603113097149
L211 645 646 1.6621829280508589E-10
C422 646 647 1.620341699964671E-15
C423 647 0 4.637916476114179E-17
R218 646 648 12.088603113097149
L212 648 649 1.6621829280508589E-10
C424 649 650 1.620341699964671E-15
C425 650 0 4.637916476114179E-17
R219 649 651 12.088603113097149
L213 651 652 1.6621829280508589E-10
C426 652 653 1.620341699964671E-15
C427 653 0 4.637916476114179E-17
R220 652 654 12.088603113097149
L214 654 655 1.6621829280508589E-10
C428 655 656 1.620341699964671E-15
C429 656 0 4.637916476114179E-17
R221 655 657 12.088603113097149
L215 657 658 1.6621829280508589E-10
C430 658 659 1.620341699964671E-15
C431 659 0 4.637916476114179E-17
R222 658 660 12.088603113097149
L216 660 661 1.6621829280508589E-10
C432 661 662 1.620341699964671E-15
C433 662 0 4.637916476114179E-17
R223 661 663 12.088603113097149
L217 663 664 1.6621829280508589E-10
C434 664 665 1.620341699964671E-15
C435 665 0 4.637916476114179E-17
R224 664 666 12.088603113097149
L218 666 667 1.6621829280508589E-10
C436 667 668 1.620341699964671E-15
C437 668 0 4.637916476114179E-17
R225 667 669 12.088603113097149
L219 669 670 1.6621829280508589E-10
C438 670 671 1.620341699964671E-15
C439 671 0 4.637916476114179E-17
R226 670 672 12.088603113097149
L220 672 673 1.6621829280508589E-10
C440 673 674 1.620341699964671E-15
C441 674 0 4.637916476114179E-17
R227 673 675 12.088603113097149
L221 675 676 1.6621829280508589E-10
C442 676 677 1.620341699964671E-15
C443 677 0 4.637916476114179E-17
R228 676 678 12.088603113097149
L222 678 679 1.6621829280508589E-10
C444 679 680 1.620341699964671E-15
C445 680 0 4.637916476114179E-17
R229 679 681 12.088603113097149
L223 681 682 1.6621829280508589E-10
C446 682 683 1.620341699964671E-15
C447 683 0 4.637916476114179E-17
R230 682 684 12.088603113097149
L224 684 685 1.6621829280508589E-10
C448 685 686 1.620341699964671E-15
C449 686 0 4.637916476114179E-17
R231 685 687 12.088603113097149
L225 687 688 1.6621829280508589E-10
C450 688 689 1.620341699964671E-15
C451 689 0 4.637916476114179E-17
R232 688 690 12.088603113097149
L226 690 691 1.6621829280508589E-10
C452 691 692 1.620341699964671E-15
C453 692 0 4.637916476114179E-17
R233 691 693 12.088603113097149
L227 693 694 1.6621829280508589E-10
C454 694 695 1.620341699964671E-15
C455 695 0 4.637916476114179E-17
R234 694 696 12.088603113097149
L228 696 697 1.6621829280508589E-10
C456 697 698 1.620341699964671E-15
C457 698 0 4.637916476114179E-17
R235 697 699 12.088603113097149
L229 699 700 1.6621829280508589E-10
C458 700 701 1.620341699964671E-15
C459 701 0 4.637916476114179E-17
R236 700 702 12.088603113097149
L230 702 703 1.6621829280508589E-10
C460 703 704 1.620341699964671E-15
C461 704 0 4.637916476114179E-17
R237 703 705 12.088603113097149
L231 705 706 1.6621829280508589E-10
C462 706 707 1.620341699964671E-15
C463 707 0 4.637916476114179E-17
R238 706 708 12.088603113097149
L232 708 709 1.6621829280508589E-10
C464 709 710 1.620341699964671E-15
C465 710 0 4.637916476114179E-17
R239 709 711 12.088603113097149
L233 711 712 1.6621829280508589E-10
C466 712 713 1.620341699964671E-15
C467 713 0 4.637916476114179E-17
R240 712 714 12.088603113097149
L234 714 715 1.6621829280508589E-10
C468 715 716 1.620341699964671E-15
C469 716 0 4.637916476114179E-17
R241 715 717 12.088603113097149
L235 717 718 1.6621829280508589E-10
C470 718 719 1.620341699964671E-15
C471 719 0 4.637916476114179E-17
R242 718 720 12.088603113097149
L236 720 721 1.6621829280508589E-10
C472 721 722 1.620341699964671E-15
C473 722 0 4.637916476114179E-17
R243 721 723 12.088603113097149
L237 723 724 1.6621829280508589E-10
C474 724 725 1.620341699964671E-15
C475 725 0 4.637916476114179E-17
R244 724 726 12.088603113097149
L238 726 727 1.6621829280508589E-10
C476 727 728 1.620341699964671E-15
C477 728 0 4.637916476114179E-17
R245 727 729 12.088603113097149
L239 729 730 1.6621829280508589E-10
C478 730 731 1.620341699964671E-15
C479 731 0 4.637916476114179E-17
R246 730 732 12.088603113097149
L240 732 733 1.6621829280508589E-10
C480 733 734 1.620341699964671E-15
C481 734 0 4.637916476114179E-17
R247 733 735 12.088603113097149
L241 735 736 1.6621829280508589E-10
C482 736 737 1.620341699964671E-15
C483 737 0 4.637916476114179E-17
R248 736 738 12.088603113097149
L242 738 739 1.6621829280508589E-10
C484 739 740 1.620341699964671E-15
C485 740 0 4.637916476114179E-17
R249 739 741 12.088603113097149
L243 741 742 1.6621829280508589E-10
C486 742 743 1.620341699964671E-15
C487 743 0 4.637916476114179E-17
R250 742 744 12.088603113097149
L244 744 745 1.6621829280508589E-10
C488 745 746 1.620341699964671E-15
C489 746 0 4.637916476114179E-17
R251 745 747 12.088603113097149
L245 747 748 1.6621829280508589E-10
C490 748 749 1.620341699964671E-15
C491 749 0 4.637916476114179E-17
R252 748 750 12.088603113097149
L246 750 751 1.6621829280508589E-10
C492 751 752 1.620341699964671E-15
C493 752 0 4.637916476114179E-17
R253 751 753 12.088603113097149
L247 753 754 1.6621829280508589E-10
C494 754 755 1.620341699964671E-15
C495 755 0 4.637916476114179E-17
R254 754 756 12.088603113097149
L248 756 757 1.6621829280508589E-10
C496 757 758 1.620341699964671E-15
C497 758 0 4.637916476114179E-17
R255 757 759 12.088603113097149
L249 759 760 1.6621829280508589E-10
C498 760 761 1.620341699964671E-15
C499 761 0 4.637916476114179E-17
R256 760 762 12.088603113097149
L250 762 763 1.6621829280508589E-10
C500 763 764 1.620341699964671E-15
C501 764 0 4.637916476114179E-17
R257 763 765 12.088603113097149
L251 765 766 1.6621829280508589E-10
C502 766 767 1.620341699964671E-15
C503 767 0 4.637916476114179E-17
R258 766 768 12.088603113097149
L252 768 769 1.6621829280508589E-10
C504 769 770 1.620341699964671E-15
C505 770 0 4.637916476114179E-17
R259 769 771 12.088603113097149
L253 771 772 1.6621829280508589E-10
C506 772 773 1.620341699964671E-15
C507 773 0 4.637916476114179E-17
R260 772 774 12.088603113097149
L254 774 775 1.6621829280508589E-10
C508 775 776 1.620341699964671E-15
C509 776 0 4.637916476114179E-17
R261 775 777 12.088603113097149
L255 777 778 1.6621829280508589E-10
C510 778 779 1.620341699964671E-15
C511 779 0 4.637916476114179E-17
R262 778 780 12.088603113097149
L256 780 781 1.6621829280508589E-10
C512 781 782 1.620341699964671E-15
C513 782 0 4.637916476114179E-17
R263 781 783 12.088603113097149
L257 783 784 1.6621829280508589E-10
C514 784 785 1.620341699964671E-15
C515 785 0 4.637916476114179E-17
R264 784 786 12.088603113097149
L258 786 787 1.6621829280508589E-10
C516 787 788 1.620341699964671E-15
C517 788 0 4.637916476114179E-17
R265 787 789 12.088603113097149
L259 789 790 1.6621829280508589E-10
C518 790 791 1.620341699964671E-15
C519 791 0 4.637916476114179E-17
R266 790 792 12.088603113097149
L260 792 793 1.6621829280508589E-10
C520 793 794 1.620341699964671E-15
C521 794 0 4.637916476114179E-17
R267 793 795 12.088603113097149
L261 795 796 1.6621829280508589E-10
C522 796 797 1.620341699964671E-15
C523 797 0 4.637916476114179E-17
R268 796 798 12.088603113097149
L262 798 799 1.6621829280508589E-10
C524 799 800 1.620341699964671E-15
C525 800 0 4.637916476114179E-17
R269 799 801 12.088603113097149
L263 801 802 1.6621829280508589E-10
C526 802 803 1.620341699964671E-15
C527 803 0 4.637916476114179E-17
R270 802 804 12.088603113097149
L264 804 805 1.6621829280508589E-10
C528 805 806 1.620341699964671E-15
C529 806 0 4.637916476114179E-17
R271 805 807 12.088603113097149
L265 807 808 1.6621829280508589E-10
C530 808 809 1.620341699964671E-15
C531 809 0 4.637916476114179E-17
R272 808 810 12.088603113097149
L266 810 811 1.6621829280508589E-10
C532 811 812 1.620341699964671E-15
C533 812 0 4.637916476114179E-17
R273 811 813 12.088603113097149
L267 813 814 1.6621829280508589E-10
C534 814 815 1.620341699964671E-15
C535 815 0 4.637916476114179E-17
R274 814 816 12.088603113097149
L268 816 817 1.6621829280508589E-10
C536 817 818 1.620341699964671E-15
C537 818 0 4.637916476114179E-17
R275 817 819 12.088603113097149
L269 819 820 1.6621829280508589E-10
C538 820 821 1.620341699964671E-15
C539 821 0 4.637916476114179E-17
R276 820 822 12.088603113097149
L270 822 823 1.6621829280508589E-10
C540 823 824 1.620341699964671E-15
C541 824 0 4.637916476114179E-17
R277 823 825 12.088603113097149
L271 825 826 1.6621829280508589E-10
C542 826 827 1.620341699964671E-15
C543 827 0 4.637916476114179E-17
R278 826 828 12.088603113097149
L272 828 829 1.6621829280508589E-10
C544 829 830 1.620341699964671E-15
C545 830 0 4.637916476114179E-17
R279 829 831 12.088603113097149
L273 831 832 1.6621829280508589E-10
C546 832 833 1.620341699964671E-15
C547 833 0 4.637916476114179E-17
R280 832 834 12.088603113097149
L274 834 835 1.6621829280508589E-10
C548 835 836 1.620341699964671E-15
C549 836 0 4.637916476114179E-17
R281 835 837 12.088603113097149
L275 837 838 1.6621829280508589E-10
C550 838 839 1.620341699964671E-15
C551 839 0 4.637916476114179E-17
R282 838 840 12.088603113097149
L276 840 841 1.6621829280508589E-10
C552 841 842 1.620341699964671E-15
C553 842 0 4.637916476114179E-17
R283 841 843 12.088603113097149
L277 843 844 1.6621829280508589E-10
C554 844 845 1.620341699964671E-15
C555 845 0 4.637916476114179E-17
R284 844 846 12.088603113097149
L278 846 847 1.6621829280508589E-10
C556 847 848 1.620341699964671E-15
C557 848 0 4.637916476114179E-17
R285 847 849 12.088603113097149
L279 849 850 1.6621829280508589E-10
C558 850 851 1.620341699964671E-15
C559 851 0 4.637916476114179E-17
R286 850 852 12.088603113097149
L280 852 853 1.6621829280508589E-10
C560 853 854 1.620341699964671E-15
C561 854 0 4.637916476114179E-17
R287 853 855 12.088603113097149
L281 855 856 1.6621829280508589E-10
C562 856 857 1.620341699964671E-15
C563 857 0 4.637916476114179E-17
R288 856 858 12.088603113097149
L282 858 859 1.6621829280508589E-10
C564 859 860 1.620341699964671E-15
C565 860 0 4.637916476114179E-17
R289 859 861 12.088603113097149
L283 861 862 1.6621829280508589E-10
C566 862 863 1.620341699964671E-15
C567 863 0 4.637916476114179E-17
R290 862 864 12.088603113097149
L284 864 865 1.6621829280508589E-10
C568 865 866 1.620341699964671E-15
C569 866 0 4.637916476114179E-17
R291 865 867 12.088603113097149
L285 867 868 1.6621829280508589E-10
C570 868 869 1.620341699964671E-15
C571 869 0 4.637916476114179E-17
R292 868 870 12.088603113097149
L286 870 871 1.6621829280508589E-10
C572 871 872 1.620341699964671E-15
C573 872 0 4.637916476114179E-17
R293 871 873 12.088603113097149
L287 873 874 1.6621829280508589E-10
C574 874 875 1.620341699964671E-15
C575 875 0 4.637916476114179E-17
R294 874 876 12.088603113097149
L288 876 877 1.6621829280508589E-10
C576 877 878 1.620341699964671E-15
C577 878 0 4.637916476114179E-17
R295 877 879 12.088603113097149
L289 879 880 1.6621829280508589E-10
C578 880 881 1.620341699964671E-15
C579 881 0 4.637916476114179E-17
R296 880 882 12.088603113097149
L290 882 883 1.6621829280508589E-10
C580 883 884 1.620341699964671E-15
C581 884 0 4.637916476114179E-17
R297 883 885 12.088603113097149
L291 885 886 1.6621829280508589E-10
C582 886 887 1.620341699964671E-15
C583 887 0 4.637916476114179E-17
R298 886 888 12.088603113097149
L292 888 889 1.6621829280508589E-10
C584 889 890 1.620341699964671E-15
C585 890 0 4.637916476114179E-17
R299 889 891 12.088603113097149
L293 891 892 1.6621829280508589E-10
C586 892 893 1.620341699964671E-15
C587 893 0 4.637916476114179E-17
R300 892 894 12.088603113097149
L294 894 895 1.6621829280508589E-10
C588 895 896 1.620341699964671E-15
C589 896 0 4.637916476114179E-17
R301 895 897 12.088603113097149
L295 897 898 1.6621829280508589E-10
C590 898 899 1.620341699964671E-15
C591 899 0 4.637916476114179E-17
R302 898 900 12.088603113097149
L296 900 901 1.6621829280508589E-10
C592 901 902 1.620341699964671E-15
C593 902 0 4.637916476114179E-17
R303 901 903 12.088603113097149
L297 903 904 1.6621829280508589E-10
C594 904 905 1.620341699964671E-15
C595 905 0 4.637916476114179E-17
R304 904 906 12.088603113097149
L298 906 907 1.6621829280508589E-10
C596 907 908 1.620341699964671E-15
C597 908 0 4.637916476114179E-17
R305 907 909 12.088603113097149
L299 909 910 1.6621829280508589E-10
C598 910 911 1.620341699964671E-15
C599 911 0 4.637916476114179E-17
R306 910 912 12.088603113097149
L300 912 913 1.6621829280508589E-10
C600 913 914 1.620341699964671E-15
C601 914 0 4.637916476114179E-17
R307 913 915 12.088603113097149
L301 915 916 1.6621829280508589E-10
C602 916 917 1.620341699964671E-15
C603 917 0 4.637916476114179E-17
R308 916 918 12.088603113097149
L302 918 919 1.6621829280508589E-10
C604 919 920 1.620341699964671E-15
C605 920 0 4.637916476114179E-17
R309 919 921 12.088603113097149
L303 921 922 1.6621829280508589E-10
C606 922 923 1.620341699964671E-15
C607 923 0 4.637916476114179E-17
R310 922 924 12.088603113097149
L304 924 925 1.6621829280508589E-10
C608 925 926 1.620341699964671E-15
C609 926 0 4.637916476114179E-17
R311 925 927 12.088603113097149
L305 927 928 1.6621829280508589E-10
C610 928 929 1.620341699964671E-15
C611 929 0 4.637916476114179E-17
R312 928 930 12.088603113097149
L306 930 931 1.6621829280508589E-10
C612 931 932 1.620341699964671E-15
C613 932 0 4.637916476114179E-17
R313 931 933 12.088603113097149
L307 933 934 1.6621829280508589E-10
C614 934 935 1.620341699964671E-15
C615 935 0 4.637916476114179E-17
R314 934 936 12.088603113097149
L308 936 937 1.6621829280508589E-10
C616 937 938 1.620341699964671E-15
C617 938 0 4.637916476114179E-17
R315 937 939 12.088603113097149
L309 939 940 1.6621829280508589E-10
C618 940 941 1.620341699964671E-15
C619 941 0 4.637916476114179E-17
R316 940 942 12.088603113097149
L310 942 943 1.6621829280508589E-10
C620 943 944 1.620341699964671E-15
C621 944 0 4.637916476114179E-17
R317 943 945 12.088603113097149
L311 945 946 1.6621829280508589E-10
C622 946 947 1.620341699964671E-15
C623 947 0 4.637916476114179E-17
R318 946 948 12.088603113097149
L312 948 949 1.6621829280508589E-10
C624 949 950 1.620341699964671E-15
C625 950 0 4.637916476114179E-17
R319 949 951 12.088603113097149
L313 951 952 1.6621829280508589E-10
C626 952 953 1.620341699964671E-15
C627 953 0 4.637916476114179E-17
R320 952 954 12.088603113097149
L314 954 955 1.6621829280508589E-10
C628 955 956 1.620341699964671E-15
C629 956 0 4.637916476114179E-17
R321 955 957 12.088603113097149
L315 957 958 1.6621829280508589E-10
C630 958 959 1.620341699964671E-15
C631 959 0 4.637916476114179E-17
R322 958 960 12.088603113097149
L316 960 961 1.6621829280508589E-10
C632 961 962 1.620341699964671E-15
C633 962 0 4.637916476114179E-17
R323 961 963 12.088603113097149
L317 963 964 1.6621829280508589E-10
C634 964 965 1.620341699964671E-15
C635 965 0 4.637916476114179E-17
R324 964 966 12.088603113097149
L318 966 967 1.6621829280508589E-10
C636 967 968 1.620341699964671E-15
C637 968 0 4.637916476114179E-17
R325 967 969 12.088603113097149
L319 969 970 1.6621829280508589E-10
C638 970 971 1.620341699964671E-15
C639 971 0 4.637916476114179E-17
R326 970 972 12.088603113097149
L320 972 973 1.6621829280508589E-10
C640 973 974 1.620341699964671E-15
C641 974 0 4.637916476114179E-17
R327 973 975 12.088603113097149
L321 975 976 1.6621829280508589E-10
C642 976 977 1.620341699964671E-15
C643 977 0 4.637916476114179E-17
R328 976 978 12.088603113097149
L322 978 979 1.6621829280508589E-10
C644 979 980 1.620341699964671E-15
C645 980 0 4.637916476114179E-17
R329 979 981 12.088603113097149
L323 981 982 1.6621829280508589E-10
C646 982 983 1.620341699964671E-15
C647 983 0 4.637916476114179E-17
R330 982 984 12.088603113097149
L324 984 985 1.6621829280508589E-10
C648 985 986 1.620341699964671E-15
C649 986 0 4.637916476114179E-17
R331 985 987 12.088603113097149
L325 987 988 1.6621829280508589E-10
C650 988 989 1.620341699964671E-15
C651 989 0 4.637916476114179E-17
R332 988 990 12.088603113097149
L326 990 991 1.6621829280508589E-10
C652 991 992 1.620341699964671E-15
C653 992 0 4.637916476114179E-17
R333 991 993 12.088603113097149
L327 993 994 1.6621829280508589E-10
C654 994 995 1.620341699964671E-15
C655 995 0 4.637916476114179E-17
R334 994 996 12.088603113097149
L328 996 997 1.6621829280508589E-10
C656 997 998 1.620341699964671E-15
C657 998 0 4.637916476114179E-17
R335 997 999 12.088603113097149
L329 999 1000 1.6621829280508589E-10
C658 1000 1001 1.620341699964671E-15
C659 1001 0 4.637916476114179E-17
R336 1000 1002 12.088603113097149
L330 1002 1003 1.6621829280508589E-10
C660 1003 1004 1.620341699964671E-15
C661 1004 0 4.637916476114179E-17
R337 1003 1005 12.088603113097149
L331 1005 1006 1.6621829280508589E-10
C662 1006 1007 1.620341699964671E-15
C663 1007 0 4.637916476114179E-17
R338 1006 1008 12.088603113097149
L332 1008 1009 1.6621829280508589E-10
C664 1009 1010 1.620341699964671E-15
C665 1010 0 4.637916476114179E-17
R339 1009 1011 12.088603113097149
L333 1011 1012 1.6621829280508589E-10
C666 1012 1013 1.620341699964671E-15
C667 1013 0 4.637916476114179E-17
R340 1012 1014 12.088603113097149
L334 1014 1015 1.6621829280508589E-10
C668 1015 1016 1.620341699964671E-15
C669 1016 0 4.637916476114179E-17
R341 1015 1017 12.088603113097149
L335 1017 1018 1.6621829280508589E-10
C670 1018 1019 1.620341699964671E-15
C671 1019 0 4.637916476114179E-17
R342 1018 1020 12.088603113097149
L336 1020 1021 1.6621829280508589E-10
C672 1021 1022 1.620341699964671E-15
C673 1022 0 4.637916476114179E-17
R343 1021 1023 12.088603113097149
L337 1023 1024 1.6621829280508589E-10
C674 1024 1025 1.620341699964671E-15
C675 1025 0 4.637916476114179E-17
R344 1024 1026 12.088603113097149
L338 1026 1027 1.6621829280508589E-10
C676 1027 1028 1.620341699964671E-15
C677 1028 0 4.637916476114179E-17
R345 1027 1029 12.088603113097149
L339 1029 1030 1.6621829280508589E-10
C678 1030 1031 1.620341699964671E-15
C679 1031 0 4.637916476114179E-17
R346 1030 1032 12.088603113097149
L340 1032 1033 1.6621829280508589E-10
C680 1033 1034 1.620341699964671E-15
C681 1034 0 4.637916476114179E-17
R347 1033 1035 12.088603113097149
L341 1035 1036 1.6621829280508589E-10
C682 1036 1037 1.620341699964671E-15
C683 1037 0 4.637916476114179E-17
R348 1036 1038 12.088603113097149
L342 1038 1039 1.6621829280508589E-10
C684 1039 1040 1.620341699964671E-15
C685 1040 0 4.637916476114179E-17
R349 1039 1041 12.088603113097149
L343 1041 1042 1.6621829280508589E-10
C686 1042 1043 1.620341699964671E-15
C687 1043 0 4.637916476114179E-17
R350 1042 1044 12.088603113097149
L344 1044 1045 1.6621829280508589E-10
C688 1045 1046 1.620341699964671E-15
C689 1046 0 4.637916476114179E-17
R351 1045 1047 12.088603113097149
L345 1047 1048 1.6621829280508589E-10
C690 1048 1049 1.620341699964671E-15
C691 1049 0 4.637916476114179E-17
R352 1048 1050 12.088603113097149
L346 1050 1051 1.6621829280508589E-10
C692 1051 1052 1.620341699964671E-15
C693 1052 0 4.637916476114179E-17
R353 1051 1053 12.088603113097149
L347 1053 1054 1.6621829280508589E-10
C694 1054 1055 1.620341699964671E-15
C695 1055 0 4.637916476114179E-17
R354 1054 1056 12.088603113097149
L348 1056 1057 1.6621829280508589E-10
C696 1057 1058 1.620341699964671E-15
C697 1058 0 4.637916476114179E-17
R355 1057 1059 12.088603113097149
L349 1059 1060 1.6621829280508589E-10
C698 1060 1061 1.620341699964671E-15
C699 1061 0 4.637916476114179E-17
R356 1060 1062 12.088603113097149
L350 1062 1063 1.6621829280508589E-10
C700 1063 1064 1.620341699964671E-15
C701 1064 0 4.637916476114179E-17
R357 1063 1065 12.088603113097149
L351 1065 1066 1.6621829280508589E-10
C702 1066 1067 1.620341699964671E-15
C703 1067 0 4.637916476114179E-17
R358 1066 1068 12.088603113097149
L352 1068 1069 1.6621829280508589E-10
C704 1069 1070 1.620341699964671E-15
C705 1070 0 4.637916476114179E-17
R359 1069 1071 12.088603113097149
L353 1071 1072 1.6621829280508589E-10
C706 1072 1073 1.620341699964671E-15
C707 1073 0 4.637916476114179E-17
R360 1072 1074 12.088603113097149
L354 1074 1075 1.6621829280508589E-10
C708 1075 1076 1.620341699964671E-15
C709 1076 0 4.637916476114179E-17
R361 1075 1077 12.088603113097149
L355 1077 1078 1.6621829280508589E-10
C710 1078 1079 1.620341699964671E-15
C711 1079 0 4.637916476114179E-17
R362 1078 1080 12.088603113097149
L356 1080 1081 1.6621829280508589E-10
C712 1081 1082 1.620341699964671E-15
C713 1082 0 4.637916476114179E-17
R363 1081 1083 12.088603113097149
L357 1083 1084 1.6621829280508589E-10
C714 1084 1085 1.620341699964671E-15
C715 1085 0 4.637916476114179E-17
R364 1084 1086 12.088603113097149
L358 1086 1087 1.6621829280508589E-10
C716 1087 1088 1.620341699964671E-15
C717 1088 0 4.637916476114179E-17
R365 1087 1089 12.088603113097149
L359 1089 1090 1.6621829280508589E-10
C718 1090 1091 1.620341699964671E-15
C719 1091 0 4.637916476114179E-17
R366 1090 1092 12.088603113097149
L360 1092 1093 1.6621829280508589E-10
C720 1093 1094 1.620341699964671E-15
C721 1094 0 4.637916476114179E-17
R367 1093 1095 12.088603113097149
L361 1095 1096 1.6621829280508589E-10
C722 1096 1097 1.620341699964671E-15
C723 1097 0 4.637916476114179E-17
R368 1096 1098 12.088603113097149
L362 1098 1099 1.6621829280508589E-10
C724 1099 1100 1.620341699964671E-15
C725 1100 0 4.637916476114179E-17
R369 1099 1101 12.088603113097149
L363 1101 1102 1.6621829280508589E-10
C726 1102 1103 1.620341699964671E-15
C727 1103 0 4.637916476114179E-17
R370 1102 1104 12.088603113097149
L364 1104 1105 1.6621829280508589E-10
C728 1105 1106 1.620341699964671E-15
C729 1106 0 4.637916476114179E-17
R371 1105 1107 12.088603113097149
L365 1107 1108 1.6621829280508589E-10
C730 1108 1109 1.620341699964671E-15
C731 1109 0 4.637916476114179E-17
R372 1108 1110 12.088603113097149
L366 1110 1111 1.6621829280508589E-10
C732 1111 1112 1.620341699964671E-15
C733 1112 0 4.637916476114179E-17
R373 1111 1113 12.088603113097149
L367 1113 1114 1.6621829280508589E-10
C734 1114 1115 1.620341699964671E-15
C735 1115 0 4.637916476114179E-17
R374 1114 1116 12.088603113097149
L368 1116 1117 1.6621829280508589E-10
C736 1117 1118 1.620341699964671E-15
C737 1118 0 4.637916476114179E-17
R375 1117 1119 12.088603113097149
L369 1119 1120 1.6621829280508589E-10
C738 1120 1121 1.620341699964671E-15
C739 1121 0 4.637916476114179E-17
R376 1120 1122 12.088603113097149
L370 1122 1123 1.6621829280508589E-10
C740 1123 1124 1.620341699964671E-15
C741 1124 0 4.637916476114179E-17
R377 1123 1125 12.088603113097149
L371 1125 1126 1.6621829280508589E-10
C742 1126 1127 1.620341699964671E-15
C743 1127 0 4.637916476114179E-17
R378 1126 1128 12.088603113097149
L372 1128 1129 1.6621829280508589E-10
C744 1129 1130 1.620341699964671E-15
C745 1130 0 4.637916476114179E-17
R379 1129 1131 12.088603113097149
L373 1131 1132 1.6621829280508589E-10
C746 1132 1133 1.620341699964671E-15
C747 1133 0 4.637916476114179E-17
R380 1132 1134 12.088603113097149
L374 1134 1135 1.6621829280508589E-10
C748 1135 1136 1.620341699964671E-15
C749 1136 0 4.637916476114179E-17
R381 1135 1137 12.088603113097149
L375 1137 1138 1.6621829280508589E-10
C750 1138 1139 1.620341699964671E-15
C751 1139 0 4.637916476114179E-17
R382 1138 1140 12.088603113097149
L376 1140 1141 1.6621829280508589E-10
C752 1141 1142 1.620341699964671E-15
C753 1142 0 4.637916476114179E-17
R383 1141 1143 12.088603113097149
L377 1143 1144 1.6621829280508589E-10
C754 1144 1145 1.620341699964671E-15
C755 1145 0 4.637916476114179E-17
R384 1144 1146 12.088603113097149
L378 1146 1147 1.6621829280508589E-10
C756 1147 1148 1.620341699964671E-15
C757 1148 0 4.637916476114179E-17
R385 1147 1149 12.088603113097149
L379 1149 1150 1.6621829280508589E-10
C758 1150 1151 1.620341699964671E-15
C759 1151 0 4.637916476114179E-17
R386 1150 1152 12.088603113097149
L380 1152 1153 1.6621829280508589E-10
C760 1153 1154 1.620341699964671E-15
C761 1154 0 4.637916476114179E-17
R387 1153 1155 12.088603113097149
L381 1155 1156 1.6621829280508589E-10
C762 1156 1157 1.620341699964671E-15
C763 1157 0 4.637916476114179E-17
R388 1156 1158 12.088603113097149
L382 1158 1159 1.6621829280508589E-10
C764 1159 1160 1.620341699964671E-15
C765 1160 0 4.637916476114179E-17
R389 1159 1161 12.088603113097149
L383 1161 1162 1.6621829280508589E-10
C766 1162 1163 1.620341699964671E-15
C767 1163 0 4.637916476114179E-17
R390 1162 1164 12.088603113097149
L384 1164 1165 1.6621829280508589E-10
C768 1165 1166 1.620341699964671E-15
C769 1166 0 4.637916476114179E-17
R391 1165 1167 12.088603113097149
L385 1167 1168 1.6621829280508589E-10
C770 1168 1169 1.620341699964671E-15
C771 1169 0 4.637916476114179E-17
R392 1168 1170 12.088603113097149
L386 1170 1171 1.6621829280508589E-10
C772 1171 1172 1.620341699964671E-15
C773 1172 0 4.637916476114179E-17
R393 1171 1173 12.088603113097149
L387 1173 1174 1.6621829280508589E-10
C774 1174 1175 1.620341699964671E-15
C775 1175 0 4.637916476114179E-17
R394 1174 1176 12.088603113097149
L388 1176 1177 1.6621829280508589E-10
C776 1177 1178 1.620341699964671E-15
C777 1178 0 4.637916476114179E-17
R395 1177 1179 12.088603113097149
L389 1179 1180 1.6621829280508589E-10
C778 1180 1181 1.620341699964671E-15
C779 1181 0 4.637916476114179E-17
R396 1180 1182 12.088603113097149
L390 1182 1183 1.6621829280508589E-10
C780 1183 1184 1.620341699964671E-15
C781 1184 0 4.637916476114179E-17
R397 1183 1185 12.088603113097149
L391 1185 1186 1.6621829280508589E-10
C782 1186 1187 1.620341699964671E-15
C783 1187 0 4.637916476114179E-17
R398 1186 1188 12.088603113097149
L392 1188 1189 1.6621829280508589E-10
C784 1189 1190 1.620341699964671E-15
C785 1190 0 4.637916476114179E-17
R399 1189 1191 12.088603113097149
L393 1191 1192 1.6621829280508589E-10
C786 1192 1193 1.620341699964671E-15
C787 1193 0 4.637916476114179E-17
R400 1192 1194 12.088603113097149
L394 1194 1195 1.6621829280508589E-10
C788 1195 1196 1.620341699964671E-15
C789 1196 0 4.637916476114179E-17
R401 1195 1197 12.088603113097149
L395 1197 1198 1.6621829280508589E-10
C790 1198 1199 1.620341699964671E-15
C791 1199 0 4.637916476114179E-17
R402 1198 1200 12.088603113097149
L396 1200 1201 1.6621829280508589E-10
C792 1201 1202 1.620341699964671E-15
C793 1202 0 4.637916476114179E-17
R403 1201 1203 12.088603113097149
L397 1203 1204 1.6621829280508589E-10
C794 1204 1205 1.620341699964671E-15
C795 1205 0 4.637916476114179E-17
R404 1204 1206 12.088603113097149
L398 1206 1207 1.6621829280508589E-10
C796 1207 1208 1.620341699964671E-15
C797 1208 0 4.637916476114179E-17
R405 1207 1209 12.088603113097149
L399 1209 1210 1.6621829280508589E-10
C798 1210 1211 1.620341699964671E-15
C799 1211 0 4.637916476114179E-17
R406 1210 609 132.97463424406868
R407 609 610 1666.6666666666658
C800 9 614 2.111160504765697E-17
C801 12 617 2.111160504765697E-17
C802 15 620 2.111160504765697E-17
C803 18 623 2.111160504765697E-17
C804 21 626 2.111160504765697E-17
C805 24 629 2.111160504765697E-17
C806 27 632 2.111160504765697E-17
C807 30 635 2.111160504765697E-17
C808 33 638 2.111160504765697E-17
C809 36 641 2.111160504765697E-17
C810 39 644 2.111160504765697E-17
C811 42 647 2.111160504765697E-17
C812 45 650 2.111160504765697E-17
C813 48 653 2.111160504765697E-17
C814 51 656 2.111160504765697E-17
C815 54 659 2.111160504765697E-17
C816 57 662 2.111160504765697E-17
C817 60 665 2.111160504765697E-17
C818 63 668 2.111160504765697E-17
C819 66 671 2.111160504765697E-17
C820 69 674 2.111160504765697E-17
C821 72 677 2.111160504765697E-17
C822 75 680 2.111160504765697E-17
C823 78 683 2.111160504765697E-17
C824 81 686 2.111160504765697E-17
C825 84 689 2.111160504765697E-17
C826 87 692 2.111160504765697E-17
C827 90 695 2.111160504765697E-17
C828 93 698 2.111160504765697E-17
C829 96 701 2.111160504765697E-17
C830 99 704 2.111160504765697E-17
C831 102 707 2.111160504765697E-17
C832 105 710 2.111160504765697E-17
C833 108 713 2.111160504765697E-17
C834 111 716 2.111160504765697E-17
C835 114 719 2.111160504765697E-17
C836 117 722 2.111160504765697E-17
C837 120 725 2.111160504765697E-17
C838 123 728 2.111160504765697E-17
C839 126 731 2.111160504765697E-17
C840 129 734 2.111160504765697E-17
C841 132 737 2.111160504765697E-17
C842 135 740 2.111160504765697E-17
C843 138 743 2.111160504765697E-17
C844 141 746 2.111160504765697E-17
C845 144 749 2.111160504765697E-17
C846 147 752 2.111160504765697E-17
C847 150 755 2.111160504765697E-17
C848 153 758 2.111160504765697E-17
C849 156 761 2.111160504765697E-17
C850 159 764 2.111160504765697E-17
C851 162 767 2.111160504765697E-17
C852 165 770 2.111160504765697E-17
C853 168 773 2.111160504765697E-17
C854 171 776 2.111160504765697E-17
C855 174 779 2.111160504765697E-17
C856 177 782 2.111160504765697E-17
C857 180 785 2.111160504765697E-17
C858 183 788 2.111160504765697E-17
C859 186 791 2.111160504765697E-17
C860 189 794 2.111160504765697E-17
C861 192 797 2.111160504765697E-17
C862 195 800 2.111160504765697E-17
C863 198 803 2.111160504765697E-17
C864 201 806 2.111160504765697E-17
C865 204 809 2.111160504765697E-17
C866 207 812 2.111160504765697E-17
C867 210 815 2.111160504765697E-17
C868 213 818 2.111160504765697E-17
C869 216 821 2.111160504765697E-17
C870 219 824 2.111160504765697E-17
C871 222 827 2.111160504765697E-17
C872 225 830 2.111160504765697E-17
C873 228 833 2.111160504765697E-17
C874 231 836 2.111160504765697E-17
C875 234 839 2.111160504765697E-17
C876 237 842 2.111160504765697E-17
C877 240 845 2.111160504765697E-17
C878 243 848 2.111160504765697E-17
C879 246 851 2.111160504765697E-17
C880 249 854 2.111160504765697E-17
C881 252 857 2.111160504765697E-17
C882 255 860 2.111160504765697E-17
C883 258 863 2.111160504765697E-17
C884 261 866 2.111160504765697E-17
C885 264 869 2.111160504765697E-17
C886 267 872 2.111160504765697E-17
C887 270 875 2.111160504765697E-17
C888 273 878 2.111160504765697E-17
C889 276 881 2.111160504765697E-17
C890 279 884 2.111160504765697E-17
C891 282 887 2.111160504765697E-17
C892 285 890 2.111160504765697E-17
C893 288 893 2.111160504765697E-17
C894 291 896 2.111160504765697E-17
C895 294 899 2.111160504765697E-17
C896 297 902 2.111160504765697E-17
C897 300 905 2.111160504765697E-17
C898 303 908 2.111160504765697E-17
C899 306 911 2.111160504765697E-17
C900 309 914 2.111160504765697E-17
C901 312 917 2.111160504765697E-17
C902 315 920 2.111160504765697E-17
C903 318 923 2.111160504765697E-17
C904 321 926 2.111160504765697E-17
C905 324 929 2.111160504765697E-17
C906 327 932 2.111160504765697E-17
C907 330 935 2.111160504765697E-17
C908 333 938 2.111160504765697E-17
C909 336 941 2.111160504765697E-17
C910 339 944 2.111160504765697E-17
C911 342 947 2.111160504765697E-17
C912 345 950 2.111160504765697E-17
C913 348 953 2.111160504765697E-17
C914 351 956 2.111160504765697E-17
C915 354 959 2.111160504765697E-17
C916 357 962 2.111160504765697E-17
C917 360 965 2.111160504765697E-17
C918 363 968 2.111160504765697E-17
C919 366 971 2.111160504765697E-17
C920 369 974 2.111160504765697E-17
C921 372 977 2.111160504765697E-17
C922 375 980 2.111160504765697E-17
C923 378 983 2.111160504765697E-17
C924 381 986 2.111160504765697E-17
C925 384 989 2.111160504765697E-17
C926 387 992 2.111160504765697E-17
C927 390 995 2.111160504765697E-17
C928 393 998 2.111160504765697E-17
C929 396 1001 2.111160504765697E-17
C930 399 1004 2.111160504765697E-17
C931 402 1007 2.111160504765697E-17
C932 405 1010 2.111160504765697E-17
C933 408 1013 2.111160504765697E-17
C934 411 1016 2.111160504765697E-17
C935 414 1019 2.111160504765697E-17
C936 417 1022 2.111160504765697E-17
C937 420 1025 2.111160504765697E-17
C938 423 1028 2.111160504765697E-17
C939 426 1031 2.111160504765697E-17
C940 429 1034 2.111160504765697E-17
C941 432 1037 2.111160504765697E-17
C942 435 1040 2.111160504765697E-17
C943 438 1043 2.111160504765697E-17
C944 441 1046 2.111160504765697E-17
C945 444 1049 2.111160504765697E-17
C946 447 1052 2.111160504765697E-17
C947 450 1055 2.111160504765697E-17
C948 453 1058 2.111160504765697E-17
C949 456 1061 2.111160504765697E-17
C950 459 1064 2.111160504765697E-17
C951 462 1067 2.111160504765697E-17
C952 465 1070 2.111160504765697E-17
C953 468 1073 2.111160504765697E-17
C954 471 1076 2.111160504765697E-17
C955 474 1079 2.111160504765697E-17
C956 477 1082 2.111160504765697E-17
C957 480 1085 2.111160504765697E-17
C958 483 1088 2.111160504765697E-17
C959 486 1091 2.111160504765697E-17
C960 489 1094 2.111160504765697E-17
C961 492 1097 2.111160504765697E-17
C962 495 1100 2.111160504765697E-17
C963 498 1103 2.111160504765697E-17
C964 501 1106 2.111160504765697E-17
C965 504 1109 2.111160504765697E-17
C966 507 1112 2.111160504765697E-17
C967 510 1115 2.111160504765697E-17
C968 513 1118 2.111160504765697E-17
C969 516 1121 2.111160504765697E-17
C970 519 1124 2.111160504765697E-17
C971 522 1127 2.111160504765697E-17
C972 525 1130 2.111160504765697E-17
C973 528 1133 2.111160504765697E-17
C974 531 1136 2.111160504765697E-17
C975 534 1139 2.111160504765697E-17
C976 537 1142 2.111160504765697E-17
C977 540 1145 2.111160504765697E-17
C978 543 1148 2.111160504765697E-17
C979 546 1151 2.111160504765697E-17
C980 549 1154 2.111160504765697E-17
C981 552 1157 2.111160504765697E-17
C982 555 1160 2.111160504765697E-17
C983 558 1163 2.111160504765697E-17
C984 561 1166 2.111160504765697E-17
C985 564 1169 2.111160504765697E-17
C986 567 1172 2.111160504765697E-17
C987 570 1175 2.111160504765697E-17
C988 573 1178 2.111160504765697E-17
C989 576 1181 2.111160504765697E-17
C990 579 1184 2.111160504765697E-17
C991 582 1187 2.111160504765697E-17
C992 585 1190 2.111160504765697E-17
C993 588 1193 2.111160504765697E-17
C994 591 1196 2.111160504765697E-17
C995 594 1199 2.111160504765697E-17
C996 597 1202 2.111160504765697E-17
C997 600 1205 2.111160504765697E-17
C998 603 1208 2.111160504765697E-17
C999 606 1211 2.111160504765697E-17
.end
